-0.35278	0.5748	-0.30041	-0.7122	0.42768	0.60894	-0.35031	-0.82145	0.015892	-2.2828
0.2901	0.59899	0.32416	-0.76024	-0.7773	-0.15199	-0.5804	0.66216	0.53536	0.0016161
0.16855	0.86816	-0.28149	-0.76747	0.62966	-0.86061	0.73329	-0.87087	-0.22633	-6.2805
0.34435	0.40152	-0.67001	-0.93312	-0.03535	-0.70871	-0.26093	0.18013	0.28517	-0.61547
0.58538	0.44835	0.22573	-0.8805	0.36711	0.048179	-0.35289	0.10328	-0.38648	-6.6347
-0.23961	-0.61094	-0.83751	0.54888	0.787	-0.42816	0.096743	0.81782	-0.17487	5.3648
-0.84141	0.77261	0.89569	0.45061	0.38348	-0.099486	-0.57937	-0.56941	-0.75756	-7.1957
-0.13162	-0.061225	0.25081	0.79711	-0.9807	0.58523	-0.79323	-0.41215	0.43599	0.53637
0.57095	0.81482	-0.44085	-0.61354	-0.39485	0.65112	-0.45512	0.72314	0.045619	-1.549
-0.39024	0.082617	-0.00092373	-0.38015	0.094916	0.15459	-0.22284	0.80835	-0.22681	0.91385
0.46806	-0.70172	0.39859	-0.5386	0.23654	0.56409	0.41044	-0.84814	0.0067597	-0.6502
-0.79961	0.7356	0.5869	-0.97441	0.070041	-0.28879	-0.1409	0.7341	-0.85804	-0.53503
-0.65447	0.4948	0.020885	-0.78279	-0.95726	-0.93452	0.18776	0.84455	0.19204	5.4509
0.85023	0.54039	-0.82707	0.29475	0.072641	0.71347	-0.37612	0.79421	0.27123	-1.8855
0.57684	-0.51934	0.34304	-0.27982	-0.96284	-0.32069	0.45542	0.34245	-0.31884	-2.3601
0.55765	-0.72714	-0.39084	0.71662	0.64475	-0.20849	-0.31137	-0.23983	-0.54374	-2.8039
0.75461	0.57601	0.90264	-0.038068	0.50251	0.54348	0.9473	-0.56266	-0.26834	-6.0459
0.81944	0.77509	0.082517	-0.68716	-0.058249	0.88959	-0.17417	-0.25106	-0.92593	-7.4746
0.86077	-0.29324	-0.71895	-0.35341	0.54055	-0.74846	-0.040817	0.16743	-0.64108	-5.5575
-0.19199	0.07599	0.82709	0.18521	0.15819	0.31982	0.28414	-0.51031	-0.7633	-4.2987
-0.4217	-0.19648	-0.88552	0.79766	-0.36122	-0.84736	0.54327	0.87069	0.38568	5.9357
0.53742	-0.8043	-0.37408	0.50202	-0.27141	-0.13823	-0.48069	-0.16128	0.4483	0.58952
0.88776	0.58364	-0.54342	0.44029	-0.66547	0.8847	-0.63528	0.301	-0.9994	-8.3735
-0.44121	-0.50323	0.73285	-0.73259	-0.26821	0.20714	0.95608	-0.90888	0.33172	3.0023
-0.25774	-0.076063	0.74245	0.5516	0.72264	-0.87533	0.59919	-0.30457	0.89971	3.8263
-0.45357	-0.42917	0.72435	0.19086	-0.91074	-0.47852	-0.34785	-0.41147	0.32795	0.99888
-0.052922	-0.79943	-0.53022	0.98048	0.92406	0.40984	-0.33396	-0.38369	-0.95102	-2.34
0.92109	0.17185	-0.28185	-0.96876	-0.96487	0.89796	-0.58729	-0.78712	-0.89954	-8.3556
-0.79649	-0.98906	0.0029022	0.66641	-0.024271	-0.34937	0.36193	0.71682	-0.15481	6.6557
0.081289	-0.52512	0.095585	-0.71721	-0.23605	-0.17156	-0.60681	-0.94719	-0.71135	-7.811
-0.38494	0.98675	-0.039845	0.89144	0.37312	0.36068	-0.44541	-0.73838	-0.33496	-7.0731
-0.6967	0.4944	0.67224	-0.31437	0.1147	-0.98545	0.27189	0.60138	-0.44427	-1.4259
-0.15475	-0.82187	-0.60371	0.20929	0.77692	-0.13123	-0.79603	-0.16674	0.93915	6.648
-0.35158	-0.86186	-0.72734	-0.86526	0.13885	0.21248	-0.83863	0.91276	-0.46836	5.1202
0.11281	0.58678	-0.93305	0.59044	0.41427	0.7781	0.48542	0.055517	-0.19227	-1.3707
-0.63112	-0.99104	0.56765	-0.4467	0.012979	0.17774	-0.33012	0.97853	-0.46354	3.6459
-0.57019	-0.56999	0.58776	-0.93294	0.29528	0.50176	0.2325	0.91212	0.56073	9.935
0.13052	-0.45294	0.30661	0.63769	-0.61126	-0.17614	-0.049635	0.14934	0.42076	0.96023
0.81729	0.40722	0.38404	0.54927	-0.049344	0.73751	0.49882	-0.35375	0.51524	-2.64
0.3998	0.61219	-0.91571	-0.73731	-0.8017	0.30181	0.25342	0.83228	-0.53073	-0.65728
0.77092	0.31925	0.86926	-0.75563	0.90212	0.16511	-0.39888	0.66671	-0.14554	-3.8385
0.48639	-0.061159	0.19751	-0.32074	-0.26502	-0.92124	0.85998	-0.4605	-0.69056	-4.192
-0.11064	0.52664	-0.72116	-0.22105	0.71368	0.25421	-0.020288	0.81821	-0.96443	-1.2472
-0.76279	0.17927	0.53417	-0.46588	0.95819	-0.19963	-0.77867	0.5518	0.12035	4.0903
0.87854	0.485	0.23183	-0.92832	-0.38566	-0.57161	0.63283	-0.16203	-0.20253	-6.7616
0.1929	0.23141	0.15478	-0.23612	0.67554	-0.073611	0.81053	0.64543	-0.6419	0.99811
-0.33797	-0.4297	0.013971	0.12001	-0.90772	0.37304	0.2647	-0.22928	0.57037	6.0873
-0.414	-0.75469	0.66273	-0.41605	0.73698	-0.46022	-0.31982	0.06258	-0.38073	0.9272
0.0081632	-0.042379	-0.31553	-0.95679	-0.32876	0.38911	0.095859	-0.91108	0.053544	0.98646
0.68956	0.0067632	0.75701	-0.44385	-0.3974	0.89101	-0.83601	0.98259	-0.37989	-3.4787
0.89133	-0.54551	-0.37979	0.25016	0.79068	-0.097928	-0.30261	-0.04904	0.75253	-1.0181
0.69662	0.1595	0.36564	-0.52341	0.038801	-0.45575	0.84962	0.85695	-0.83187	-2.4639
0.088036	-0.47801	-0.99007	-0.6308	-0.47892	0.57801	0.69196	0.36295	-0.043726	5.4077
0.041679	-0.89544	-0.32593	0.55266	0.8818	-0.16098	-0.60929	-0.089847	-0.7653	-2.7793
0.052435	-0.43819	-0.085227	0.68421	0.61548	0.2223	0.62075	-0.81508	0.42204	1.5443
0.25017	0.53195	-0.42102	0.31227	-0.79798	-0.64003	-0.45124	0.9597	0.093933	-0.33463
-0.44238	-0.26644	0.53803	-0.55498	0.97181	-0.50629	0.28261	-0.41829	0.89782	4.96
0.043774	-0.65602	-0.72993	0.16232	-0.76829	0.77457	0.11035	-0.36367	0.35164	5.5817
-0.33952	-0.0071789	0.70408	0.91652	0.047737	-0.72873	0.13217	0.19123	-0.44612	-1.0415
-0.44981	0.27544	0.57675	-0.35253	-0.79351	-0.431	0.71535	0.81834	-0.068357	3.0877
-0.25418	-0.32277	0.36394	-0.73921	-0.82772	-0.53211	-0.7983	-0.27431	0.32541	-0.66862
0.97264	0.99484	-0.22274	0.48045	0.11509	-0.46759	0.75162	-0.44719	0.2431	-5.5569
0.50671	0.76708	0.73441	0.85707	0.83662	-0.96326	0.45901	2.254e-06	-0.8068	-9.8351
-0.10802	0.89101	-0.63728	-0.26535	-0.87763	-0.78865	-0.11408	0.088775	0.48214	-0.39078
0.69156	0.90278	-0.57493	-0.75716	0.75903	0.28881	-0.58597	0.9916	0.70895	1.7793
0.0028488	-0.95377	0.92481	-0.68253	-0.017008	0.39304	-0.68923	0.41997	0.35418	2.5058
0.10374	-0.07548	-0.13244	0.73496	-0.31717	0.98342	0.45844	0.53732	0.41699	4.0943
0.48552	0.41755	0.19112	-0.026627	0.6464	0.73132	-0.40313	0.41486	-0.80661	-5.1844
-0.45516	0.76492	0.5091	-0.59913	0.89343	-0.92326	0.12994	0.44028	-0.22827	1.037
-0.2273	-0.74474	0.3846	-0.49392	0.29905	0.40116	0.11082	0.42217	-0.89154	0.65561
0.50722	-0.33442	-0.11215	0.40633	0.95562	-0.8002	0.42536	0.70891	0.57912	6.2201
-0.013058	-0.42965	0.2315	0.53386	0.011527	0.61773	0.97375	-0.41203	-0.62855	-2.2637
0.33036	-0.54266	-0.6656	-0.029086	0.80912	-0.85911	-0.030773	0.68635	-0.31409	2.5961
0.80374	0.11106	0.29755	0.84778	0.089146	0.29289	0.49265	0.95148	-0.83936	-6.7654
-0.33142	-0.060363	-0.50431	0.24352	0.63858	0.30218	0.066165	0.32468	0.63731	8.3928
-0.40886	-0.47088	0.031336	-0.55099	0.74396	0.40633	0.98224	-0.17805	-0.67832	4.0121
0.2362	0.87103	0.13265	0.64236	0.64238	-0.052678	-0.75455	-0.65603	0.56099	-3.8762
-0.63504	0.93777	0.44329	-0.66063	0.56132	-0.76498	0.90321	-0.094712	0.94022	3.5541
-0.57571	-0.56855	-0.33753	0.84176	0.76644	0.58961	-0.73528	0.81252	-0.24766	5.4967
0.61271	-0.67615	0.98118	0.5515	-0.93686	0.6256	-0.7581	0.042009	0.60745	-0.96421
-0.78256	-0.087821	-0.36289	0.84021	0.96426	0.26711	0.82739	0.70909	-0.70153	3.8514
0.35462	-0.49036	-0.65702	-0.5496	0.75658	-0.35402	0.89678	-0.35037	0.76188	6.4293
-0.61023	-0.46813	0.5839	-0.12548	0.29555	0.0080524	0.3288	0.7265	-0.0087495	5.1809
-0.25642	0.98159	-0.89609	0.30905	0.41302	-0.72425	0.12144	0.043006	-0.68846	-4.1881
0.079436	0.11814	0.5838	0.99669	0.89749	-0.19653	-0.68553	0.82888	0.36087	-0.66024
-0.49772	0.69561	0.72327	-0.89742	-0.13581	0.20312	0.39328	-0.44247	0.23144	0.14315
0.4383	-0.34813	-0.78715	-0.42571	0.8224	0.7392	-0.17551	0.85246	0.21363	3.6804
-0.35767	-0.52922	-0.65226	-0.68047	0.96632	-0.87389	0.16832	0.72197	0.54215	7.6899
-0.92472	0.45302	-0.97033	0.84098	-0.11804	0.375	0.97706	-0.37229	-0.45321	3.9239
0.62372	-0.72458	-0.42871	-0.77789	-0.50049	0.4652	-0.96483	-0.75008	0.95031	0.24359
-0.90938	0.17805	-0.98526	-0.85495	0.25899	-0.77483	0.24361	0.33831	-0.093267	5.7388
-0.40495	0.37071	0.52402	0.28933	0.19682	0.85126	-0.7188	0.56735	-0.14065	-0.91401
-0.39216	0.88128	0.75985	-0.069511	-0.97987	-0.84139	0.60728	-0.22835	-0.0015476	-1.5668
0.07277	0.58189	0.59082	-0.19719	0.072854	-0.81777	-0.837	-0.22587	-0.88454	-9.1621
-0.7596	-0.70754	-0.4687	0.62061	0.03869	0.59196	-0.34027	0.70334	-0.11453	6.4427
0.59053	0.51762	0.24677	-0.87791	0.84409	-0.76776	-0.48616	-0.10185	-0.52734	-8.181
0.0051015	-0.18513	-0.89465	-0.86669	-0.64871	-0.98982	-0.85206	0.65717	-0.60236	-1.0318
-0.54403	-0.27566	0.47429	0.90019	0.19393	-0.96607	-0.45526	0.67118	0.023754	1.0608
0.66256	0.79871	-0.32488	0.15447	-0.98796	0.13824	0.019898	0.78519	0.27842	-1.318
-0.77311	-0.085313	0.36369	0.98446	0.61797	0.92026	-0.20349	0.50289	-0.72616	2.0273
0.99865	-0.6662	-0.35602	-0.62292	0.17211	-0.75253	-0.99088	0.34925	-0.47278	-5.0428
0.5166	-0.31109	-0.57254	0.90238	-0.43377	-0.81154	-0.74232	-0.75944	0.43674	-4.9891
0.03692	-0.89921	0.3253	0.29113	-0.53823	0.30834	0.83686	-0.94095	0.0016961	0.06598
-0.046751	-0.81283	-0.99766	-0.16224	-0.80644	-0.56608	-0.45044	0.22716	-0.67715	-1.2453
-0.45498	-0.67264	0.50343	-0.76466	0.06363	-0.50987	0.50388	0.46399	-0.27448	4.6813
0.92632	0.26363	0.47433	-0.45403	-0.72473	-0.63784	0.957	0.90498	-0.75859	-2.805
-0.36111	0.48663	0.10912	-0.88996	0.53458	0.80228	0.1467	0.25276	0.43862	3.5306
-0.094095	0.55844	0.99216	-0.9549	-0.90725	-0.13235	-0.041125	-0.062332	-0.45486	-6.6695
0.066437	0.041617	-0.23643	0.22	-0.97527	-0.086883	-0.76237	-0.027747	0.3582	-0.58322
0.56676	-0.95516	0.70318	0.87053	0.64962	-0.62246	0.10094	0.73261	0.35364	2.3496
-0.17533	0.19899	0.9127	0.43917	0.66938	0.86104	0.39972	0.63545	-0.4777	-1.4746
0.81959	-0.32367	-0.63166	-0.90456	-0.65104	0.59013	0.41484	0.21677	-0.034239	1.4861
-0.7587	0.56877	-0.44595	0.72345	0.57644	-0.64087	-0.51608	0.13643	-0.035031	-1.2566
0.74493	0.79175	-0.63696	-0.8994	-0.38534	-0.56786	-0.017463	0.013906	-0.18682	-5.2488
0.30278	-0.14819	0.87132	0.62601	0.86304	0.58506	0.10666	0.72999	0.73822	2.9982
-0.13701	0.99629	0.35862	-0.38417	0.76154	0.0087736	-0.11861	0.34435	0.7497	0.83517
-0.72567	0.66154	-0.31229	0.75376	-0.59019	-0.36603	0.33659	-0.42283	-0.27057	-1.5104
-0.96317	0.25768	-0.038472	0.043547	0.078697	-0.8518	0.86821	0.8117	0.16952	7.272
-0.26852	0.57559	-0.011318	-0.042997	0.46037	0.48124	0.30448	-0.88109	0.6109	-0.2035
-0.96538	0.96566	-0.24379	-0.096376	0.60118	0.91917	-0.66559	0.056997	0.49446	3.4888
-0.057113	-0.64136	-0.13329	-0.32087	0.69993	-0.94258	-0.51991	0.016483	-0.59329	-2.148
-0.73668	-0.13341	0.79532	-0.21059	-0.058388	-0.59512	-0.22934	-0.024066	-0.6316	-1.4568
0.68971	-0.16849	-0.36716	-0.22073	0.72877	-0.67102	-0.35866	0.69945	-0.50747	-3.7937
0.91481	0.92784	0.41961	0.18443	0.26849	-0.58934	0.15547	0.76757	0.74622	-0.18683
-0.60774	-0.7849	0.59662	-0.81338	-0.55841	-0.37392	0.9744	0.86294	-0.13421	6.7828
0.47548	0.62252	0.94023	-0.21456	-0.71972	0.72025	-0.46311	-0.69902	-0.40787	-8.2545
-0.88882	-0.080948	0.063755	0.79125	-0.71018	0.017693	0.15615	-0.93747	-0.1318	-0.87589
0.028988	0.25124	-0.19791	0.0011481	0.54818	0.18047	-0.41574	-0.60815	0.17506	-3.9777
-0.76243	0.57439	0.68133	0.8264	0.0021799	0.15623	0.83668	0.27395	0.4299	2.4996
0.2853	0.8494	-0.6675	-0.67919	-0.33825	-0.069063	-0.77123	0.50167	-0.64383	-4.6399
-0.67468	0.85556	-0.051488	-0.4135	0.66134	-0.85995	-0.051274	-0.38233	0.77963	1.5552
-0.87666	0.98014	-0.6641	0.67293	0.46054	-0.603	0.59829	-0.14866	-0.29109	-0.78532
0.11701	0.84068	-0.57283	0.57282	-0.92997	-0.19973	0.65166	0.25474	0.80279	1.3092
-0.71124	-0.13774	-0.1095	0.8451	0.59467	0.12139	-0.25219	0.24756	0.14668	5.5112
-0.26344	0.55534	-0.021094	-0.57631	0.51421	-0.13827	-0.4168	0.1763	-0.09709	-0.58004
-0.59762	-0.16155	0.94562	-0.28765	0.38651	-0.069569	-0.25088	-0.38506	-0.042524	0.063716
-0.99964	0.32771	0.29267	0.38444	-0.00026605	0.83827	0.97346	-0.34946	0.47337	4.218
0.62	-0.60912	0.92486	0.86235	-0.61047	-0.08004	-0.13339	0.88879	0.17225	-1.1901
0.80614	-0.65274	0.54433	-0.13464	0.3296	-0.56333	0.63087	0.73575	0.45339	1.6121
-0.11869	0.91291	0.80985	0.21974	-0.67249	-0.45924	-0.87148	0.26627	-0.21534	-5.0627
-0.26833	0.97007	-0.95057	0.37555	-0.22239	-0.98114	-0.14449	0.11302	0.77231	1.2802
-0.27039	0.88276	0.86334	0.58966	-0.69381	0.64275	-0.96011	-0.26047	0.92054	-0.49181
-0.42425	-0.39705	-0.51919	0.73311	-0.89456	0.8599	-0.23696	0.062376	0.15603	3.4107
0.67019	0.85324	-0.67747	-0.10991	0.38466	-0.0057118	-0.17205	0.39086	-0.35053	-3.996
0.95176	0.061168	0.92263	0.43877	-0.8633	0.31654	0.11963	0.47091	-0.91551	-7.1172
-0.57142	0.72054	-0.072463	0.55088	0.14203	-0.39559	0.76685	0.28544	-0.20688	3.0773
0.33202	-0.45411	-0.83715	-0.062829	0.89946	-0.706	-0.026891	0.54144	0.46036	3.6686
-0.1185	0.88515	0.7245	0.2423	-0.78234	-0.53351	0.52812	-0.5508	0.21394	-3.8834
-0.17442	0.03983	-0.94734	0.37463	0.13272	0.10789	0.34167	-0.13634	0.43798	3.634
0.6931	-0.036981	0.77999	-0.66813	-0.73581	0.47604	0.61737	-0.43889	-0.49801	-4.8176
0.004729	-0.46137	0.61193	-0.45993	-0.77749	-0.65858	0.98476	0.6498	-0.89332	-0.45545
-0.54196	0.24743	-0.22703	0.0083533	0.60673	-0.56535	0.65922	0.13531	0.51811	5.3862
0.42409	0.91079	0.31361	-0.588	0.79108	-0.11595	-0.58531	0.55543	0.57186	-2.6297
-0.13564	-0.12451	-0.31609	-0.095044	-0.41979	0.25616	0.75042	-0.19494	-0.83073	-0.88449
-0.16811	0.74485	-0.56485	0.60849	0.13113	-0.53252	-0.73491	0.37115	0.5323	0.74456
0.86253	0.40282	0.69693	0.34553	-0.96034	-0.83109	-0.22589	0.66039	0.5597	-4.093
-0.70576	-0.045435	-0.82775	-0.47086	-0.39027	-0.29431	-0.72894	0.62184	0.5834	6.3496
-0.96032	-0.2212	0.80547	-0.965	0.81821	-0.73371	0.94304	0.68634	0.62896	10.132
-0.15197	-0.2149	0.33331	0.24893	0.18711	-0.072405	-0.84621	-0.30325	0.18412	-1.3668
0.8936	-0.66668	-0.64713	0.34599	0.16308	-0.81001	0.54537	0.87758	-0.00097402	-0.19074
0.46154	-0.22985	0.22297	-0.19817	0.73437	0.42853	0.54511	-0.85472	0.16061	-0.97918
-0.37618	-0.51025	0.98822	0.77194	0.66858	-0.26513	-0.36984	-0.61701	-0.75069	-5.0749
-0.68985	0.62113	-0.33311	-0.035302	-0.71106	0.52609	-0.18226	0.098615	0.58196	5.279
0.97823	-0.36564	-0.10374	-0.038834	-0.8939	-0.048968	0.10516	-0.053864	-0.46491	-4.2367
0.7058	0.12268	0.0066025	0.8181	0.75505	0.13549	-0.13006	-0.84806	0.56072	-5.0404
0.34719	-0.41451	-0.89008	-0.37179	-0.16039	-0.43851	-0.76415	-0.94466	0.73324	-0.32896
-0.46096	0.61206	0.10428	-0.44322	-0.7055	-0.69883	0.52941	-0.8967	0.61569	0.67937
0.8051	-0.6309	-0.10549	0.72236	-0.54887	-0.55819	0.32366	-0.21141	-0.31741	-4.5436
-0.46859	-0.95812	-0.63	0.69364	-0.38518	0.33711	0.71899	0.94456	-0.56658	8.5958
0.7073	-0.2379	-0.76916	0.64491	0.52652	-0.48916	0.86893	-0.28414	-0.78738	-3.0122
-0.16174	-0.74305	-0.72898	0.17574	-0.37288	-0.79554	-0.060337	0.059607	0.60687	5.9309
-0.82863	-0.94868	0.89872	0.96847	-0.9593	0.34298	0.64778	0.50876	0.024422	7.1199
0.87092	-0.15585	0.095824	-0.49882	0.66009	-0.62086	-0.82132	-0.27762	-0.10531	-4.9733
0.64714	0.70481	-0.81995	0.49926	0.98355	-0.2706	-0.40074	-0.56872	0.16948	-6.4634
0.86491	-0.64507	0.65305	-0.38314	0.95855	0.087091	-0.8416	-0.9708	-0.375	-8.8549
0.27406	-0.77367	-0.04791	-0.95769	0.21072	-0.79967	-0.30167	0.34351	-0.59179	-0.56912
0.97303	-0.7321	0.81779	-0.45136	0.15806	0.089892	0.61846	-0.63318	0.27549	-3.3427
0.2585	-0.69432	-0.61003	0.98289	-0.28099	0.029673	0.40049	0.072574	-0.029024	1.3365
-0.14183	0.047567	-0.12974	-0.2424	0.74453	0.2306	0.95101	-0.47411	-0.79468	0.208
-0.44597	-0.0031193	0.37669	0.98411	0.64788	-0.68194	0.85132	-0.34598	-0.87325	-1.644
0.65866	0.1312	0.7656	-0.47641	-0.44839	-0.45615	-0.81214	0.95611	0.4442	-1.1298
0.85892	-0.11395	-0.068577	0.30058	-0.050001	0.58782	-0.72961	-0.6011	-0.51526	-9.1042
0.90915	-0.16325	-0.83653	0.43395	-0.86629	-0.1278	-0.88375	0.60498	0.40384	-1.9409
-0.66617	0.59648	0.36133	0.43448	-0.97741	-0.73247	0.22671	-0.085056	0.09397	1.011
-0.63927	-0.22469	-0.81778	0.47282	0.67987	-0.4543	0.6605	0.14492	0.53851	9.3582
0.89541	0.15571	-0.88761	-0.77948	-0.80584	0.31402	0.18876	-0.62834	0.45823	-0.59675
0.26414	-0.28894	0.97552	-0.72944	0.0089299	0.0047422	-0.28081	-0.76125	0.12156	-1.531
0.092873	-0.088894	-0.53237	0.17123	0.67011	-0.22484	0.94447	-0.47859	-0.4625	-0.41246
0.29321	-0.20623	0.62457	0.028828	0.30604	-0.25548	-0.47395	0.236	-0.30733	-2.5078
0.98047	-0.70396	-0.71659	0.27028	0.2402	0.74032	0.94535	-0.0059822	0.5281	4.7045
0.62619	-0.68157	0.57609	0.82738	0.35156	0.28898	0.10123	0.97641	0.12081	0.39736
0.82672	-0.95853	0.07449	-0.28341	0.65848	-0.091081	-0.10934	-0.71387	-0.76994	-7.1044
0.11824	-0.067234	-0.52879	-0.14382	-0.12328	-0.97224	0.79688	-0.29201	0.18942	0.76933
-0.37427	0.06167	-0.18166	0.59297	-0.89156	-0.50081	0.004735	0.057783	-0.16697	-0.41286
-0.11209	0.09356	-0.67314	-0.40677	-0.55828	0.31004	0.83783	0.37013	-0.14316	2.8889
-0.46808	-0.91566	-0.11784	0.19388	0.76332	0.0050953	0.86542	0.031649	-0.75048	3.1368
-0.71457	0.62312	-0.14634	0.66775	0.12951	-0.17269	-0.77011	-0.81851	-0.319	-6.342
0.5341	0.30749	-0.37178	-0.82541	-0.61439	0.52987	0.4756	0.91779	-0.27331	1.3588
0.21802	0.18592	0.88376	0.17479	-0.84378	-0.49783	0.32365	-0.10742	0.20774	-3.3733
-0.56445	0.44142	-0.50764	0.58338	-0.62035	-0.49782	0.53162	-0.34582	0.34786	2.4597
-0.061291	-0.20604	0.99625	-0.89285	0.93072	-0.010557	-0.73873	-0.92746	-0.56981	-8.813
0.58936	-0.57012	-0.88755	-0.39269	-0.24189	0.95892	0.95893	0.026646	-0.69859	-0.16349
0.17215	0.2534	0.72721	-0.89015	0.46324	0.45685	0.34353	0.61062	-0.75365	-2.3992
0.82713	0.64019	0.17231	-0.46348	-0.75524	-0.72405	0.75405	0.87197	-0.48513	-3.9386
0.50403	0.1407	0.17354	-0.39366	0.22272	0.23985	-0.89176	-0.030505	-0.93037	-10.951
0.61866	0.40894	-0.21243	-0.042764	-0.52568	0.48209	-0.01726	-0.0603	0.70036	-1.0643
0.45403	0.44674	-0.02907	0.46188	0.56157	-0.30853	-0.024058	0.68861	0.45504	-0.38394
0.69076	0.27814	-0.0063627	-0.20162	-0.38392	-0.3815	0.16361	-0.75751	-0.17414	-5.7519
0.23178	0.091792	0.60246	0.040012	-0.41397	-0.55007	0.82325	-0.69747	-0.70788	-6.5551
0.22704	-0.74494	-0.14206	-0.75065	0.77251	-0.64868	0.50731	0.32914	0.095367	4.8266
-0.98064	-0.96649	0.21205	0.32021	-0.34333	-0.93495	0.77185	0.63477	0.61486	10.529
0.12629	0.14888	0.26525	-0.15059	-0.73741	-0.74332	-0.65083	0.62662	-0.27338	-3.1027
0.70815	-0.19071	0.051385	0.7152	0.056062	0.61134	-0.8521	0.74503	-0.053408	-1.7877
-0.096218	0.83585	-0.19189	0.91723	-0.57356	-0.70602	-0.46143	-0.17755	-0.10249	-4.9555
-0.32339	-0.76742	0.37917	-0.51104	0.81143	0.94864	-0.57459	-0.76745	0.42456	2.3236
-0.82966	0.10524	-0.14954	0.51418	-0.1546	-0.61585	-0.34265	-0.94807	0.6163	1.7177
0.78977	-0.50982	-0.5226	0.94158	-0.026367	0.012607	0.32164	-0.71947	-0.55725	-3.7312
-0.11059	-0.64793	0.54888	0.37488	-0.83841	-0.55711	-0.039675	0.35386	-0.40228	0.2799
0.78716	0.85502	-0.60013	0.19638	0.92555	-0.018868	-0.57676	0.68273	0.96062	-0.38349
0.05435	-0.75293	-0.33322	-0.053617	-0.041434	-0.14163	0.66226	0.20869	0.40832	5.0169
-0.093987	0.60428	-0.30785	-0.7497	-0.6567	-0.98798	-0.55818	-0.65949	-0.19872	-6.2605
-0.97173	-0.32031	-0.12144	-0.053221	-0.882	-0.60813	0.44659	0.1357	-0.24613	5.2099
-0.46435	-0.78728	0.68099	0.36946	0.61413	0.51745	0.32303	0.68963	-0.33601	4.1414
0.59733	-0.28755	0.59626	-0.16231	-0.97693	-0.36158	-0.54803	-0.22472	0.4666	-1.8814
-0.58926	0.72836	0.33153	-0.29835	-0.60494	-0.29544	0.48368	0.22867	0.084922	1.5402
0.28563	-0.27955	-0.49329	-0.59158	0.42233	0.34402	0.78444	0.022882	0.10567	3.2996
0.38734	0.8641	-0.30149	-0.6093	0.0034531	0.20059	0.4431	-0.15586	-0.7244	-6.428
-0.80585	0.50568	-0.089581	-0.58415	0.64835	-0.1752	-0.17794	-0.7994	0.36876	1.9627
0.47869	0.28786	0.41345	-0.76247	-0.66603	0.59969	0.43111	0.55162	-0.42425	0.699
0.95221	0.81585	-0.001875	0.25768	0.6899	0.37868	0.88317	-0.47779	0.84007	-0.70059
0.5148	-0.33139	-0.30318	0.92609	-0.40216	0.93218	0.87082	-0.88836	-0.75257	-4.9665
-0.58691	-0.20123	0.61294	0.94795	0.16622	0.77759	0.13329	-0.27523	0.51375	2.5471
-0.64998	0.39332	-0.65375	0.76889	0.94428	0.22374	-0.92932	-0.59053	-0.11266	-3.1081
0.82164	-0.51169	-0.57018	0.48177	0.71862	0.92983	-0.87956	0.36775	0.77633	2.0894
-0.4608	-0.36754	0.69076	0.51796	0.44256	-0.063055	-0.62303	-0.75723	0.6986	-1.3866
-0.62114	0.41459	-0.13355	0.68169	0.34383	0.18462	-0.24771	-0.0069784	0.29914	0.32115
-0.12911	0.058589	0.88007	-0.46686	0.59795	-0.23575	0.13735	0.30776	0.9464	4.4439
0.82482	0.9601	0.56477	-0.35357	0.60904	0.60451	0.33806	0.06274	0.72794	-1.6206
-0.61976	-0.26904	0.65616	0.92789	-0.30011	-0.17348	0.80997	0.90975	-0.05339	4.9623
0.41804	0.23968	-0.44941	-0.33864	-0.95643	-0.4633	0.55886	0.4229	0.81342	4.4465
0.52729	0.76054	-0.2237	0.68813	0.11241	-0.48343	0.77222	0.69774	-0.34947	-1.6682
-0.45571	0.065868	0.86719	0.69009	-0.52492	0.54967	0.30809	-0.070857	0.27369	1.2421
-0.40985	-0.75057	-0.10813	-0.11167	-0.27303	0.41423	-0.74737	0.66383	0.87141	8.8097
0.92244	0.62075	-0.47365	0.86171	-0.15497	-0.13502	-0.99679	0.10407	-0.19187	-6.9762
-0.57321	-0.11536	0.4742	-0.6798	0.26973	-0.26962	-0.65211	-0.27282	0.77147	3.7315
-0.23882	-0.14197	0.11102	-0.98065	0.6938	0.74181	0.26772	0.35405	0.23406	5.6212
0.33546	-0.70902	0.015444	0.67409	0.74288	0.4938	0.63607	0.53133	-0.81951	0.061488
-0.25168	-0.55725	-0.30667	-0.31304	0.89662	-0.41287	-0.1018	-0.075397	0.43924	4.0682
0.36626	-0.2427	-0.99098	-0.74821	0.78368	-0.46514	0.61785	0.23377	-0.74668	-1.3363
0.95064	0.25748	-0.4346	0.11831	-0.76593	-0.050674	-0.94259	-0.60944	0.7064	-4.133
0.33785	0.38624	0.69052	-0.57417	0.43384	-0.62483	-0.92994	0.35297	-0.89823	-7.387
0.39487	-0.30605	-0.37037	0.30722	0.2869	-0.071066	-0.23301	-0.6069	-0.27632	-3.3549
-0.505	0.42482	0.88264	-0.1691	-0.86216	0.86418	-0.38652	0.13241	0.74656	2.7204
0.74505	-0.56805	0.33653	-0.16553	0.55211	0.045593	-0.36054	0.90195	0.030515	-0.3996
0.55313	0.22863	-0.97949	0.4228	-0.3732	0.17911	-0.53894	0.92472	0.17407	0.35125
-0.71984	-0.049075	0.47322	0.8384	-0.2869	0.73896	0.77215	0.56174	0.40154	7.0123
-0.49444	-0.31831	-0.2385	0.2841	-0.75748	-0.12369	-0.025425	0.54283	0.72596	6.1303
0.11416	0.48974	0.99798	-0.33944	-0.48605	-0.35406	-0.91784	-0.0021968	-0.58042	-9.0436
0.019691	0.33935	-0.59464	0.43858	-0.21414	0.51036	0.42386	-0.77652	-0.22946	-1.0816
0.95203	0.1143	-0.70048	-0.56701	0.95307	0.6794	0.28722	0.83085	0.60138	4.5502
0.55983	0.45563	0.60222	-0.36398	-0.33518	0.1562	0.90813	0.71056	-0.007539	0.15625
-0.5141	0.87049	0.93076	-0.6709	0.11458	0.33311	0.32361	-0.61027	-0.80162	-5.8956
-0.82264	-0.47297	0.84277	-0.61519	0.53977	-0.089064	-0.43679	-0.24181	-0.20911	-0.064528
0.60689	-0.62143	0.53828	0.71208	0.1016	-0.75755	0.55786	-0.60089	0.79547	-2.5119
0.40639	-0.45926	-0.13382	-0.65225	-0.42381	-0.040036	-0.85214	0.26641	-0.69505	-4.0372
0.8513	-0.70346	-0.89423	-0.57214	-0.03462	0.1021	-0.42067	-0.77804	0.52712	-1.8594
-0.19503	-0.67128	0.92006	0.50615	0.33088	0.03954	-0.33736	0.94178	0.95576	6.7391
-0.48965	0.59872	-0.68837	0.70066	0.90259	0.10576	-0.59292	0.88663	-0.68725	-1.7119
0.47986	-0.54751	-0.71913	-0.35505	0.81572	-0.39877	0.17242	0.28773	0.81066	6.302
-0.18877	-0.8663	0.43014	-0.11898	0.69676	-0.23596	0.12203	-0.14293	-0.29076	-0.44313
0.078454	-0.59969	0.8912	0.59304	0.53191	-0.22685	-0.99036	0.67228	0.38266	0.36014
-0.68249	0.83431	0.48985	0.86679	-0.73408	-0.41393	0.38183	-0.71078	-0.85485	-7.6201
0.93923	-0.3996	0.12227	-0.12107	0.32238	-0.98301	-0.40618	-0.66757	-0.28538	-6.9547
0.13112	0.039095	-0.70928	-0.68105	0.19162	-0.5368	-0.00090946	0.82895	0.71719	7.1549
-0.73972	0.96529	0.26818	0.59891	-0.13711	-0.63063	-0.19335	-0.03716	-0.10064	-3.4283
0.062003	0.042201	0.25513	-0.53987	0.44905	0.51459	0.25276	-0.20166	-0.79011	-3.2719
-0.52515	0.13517	0.69654	-0.94005	0.92146	0.58953	0.30532	0.039998	0.032363	3.9142
0.72005	-0.55395	0.80559	0.4792	-0.87653	-0.37707	-0.87117	0.83404	-0.15742	-3.9504
0.83978	-0.25872	-0.75721	-0.34541	-0.45212	-0.22253	0.25528	0.33192	0.56354	3.6651
0.17008	0.011679	-0.84071	-0.81588	0.13425	-0.53221	-0.021326	-0.79988	0.83061	2.452
-0.31803	-0.087876	0.083107	-0.53558	0.5467	-0.089486	-0.97676	0.85791	0.35486	2.3008
0.98836	0.85407	0.6869	-0.88443	-0.54277	0.87806	-0.98857	-0.54806	0.18332	-9.3265
0.36223	0.42721	-0.89015	0.59888	-0.0067884	0.63691	-0.025881	0.6561	0.0035198	0.17028
-0.64228	0.34191	0.59531	-0.10399	-0.57343	-0.18257	0.60058	0.84905	0.7228	7.8801
-0.52831	-0.67105	-0.97625	-0.86676	0.94525	0.43217	0.41272	0.62105	-0.26483	8.6427
0.47279	-0.71736	-0.40923	0.95057	-0.40641	-0.93662	-0.53202	0.44569	0.17651	1.3919
0.11091	-0.31766	-0.56043	-0.38992	0.37184	0.66768	-0.18965	-0.71475	-0.88188	-4.0735
-0.92075	-0.97101	0.96017	-0.58313	-0.2582	0.85767	0.40835	0.45073	0.47583	10.514
0.11431	0.090194	-0.81469	0.23124	-0.2278	-0.92428	-0.40966	0.54321	-0.20923	-0.34236
0.95045	-0.25597	0.44329	0.58748	-0.23957	-0.11071	0.76401	0.37155	-0.56648	-6.1359
0.41767	0.89373	0.61153	0.34439	0.1106	0.6205	-0.87292	0.89335	-0.67482	-6.7437
0.93281	0.48649	-0.31113	-0.56959	-0.34103	-0.855	0.24737	0.43009	0.19238	-3.8126
0.79925	-0.77096	0.92208	0.35606	-0.48937	-0.33105	0.19331	-0.50913	-0.72473	-6.7599
0.16034	-0.35095	0.57506	-0.79162	0.73093	-0.58464	0.5809	-0.62971	-0.98029	-5.0236
0.42668	0.22494	-0.073532	0.38847	-0.84806	0.76515	0.19902	-0.47825	0.65008	1.4784
0.68737	-0.038356	-0.17522	0.62169	0.73052	0.51599	0.69468	-0.84295	-0.62611	-7.5784
0.37657	-0.63722	-0.97809	0.93147	0.67303	-0.43355	-0.68295	-0.93793	-0.8412	-6.722
-0.67506	-0.57861	-0.23613	0.6583	-0.065484	-0.041324	0.90511	-0.032048	-0.81807	1.3223
-0.7192	-0.64333	-0.91023	0.76227	0.54307	0.49633	0.32787	-0.18574	0.50902	9.9227
-0.30885	0.97809	0.68506	0.1408	0.52052	-0.34599	0.7542	-0.062662	0.84954	0.90193
0.62547	0.022464	-0.87887	0.83856	-0.65467	-0.40678	-0.76486	0.25589	-0.78291	-6.5834
-0.99008	0.99986	-0.65388	-0.80521	0.92751	0.70369	0.51505	-0.4146	0.25748	4.7461
-0.52453	-0.54097	0.97757	-0.81592	0.76118	0.12638	-0.013009	-0.78909	0.65288	2.4561
-0.93627	0.99025	-0.31597	0.40431	0.20282	-0.24686	-0.54218	0.0654	-0.82283	-2.1329
0.35389	0.63077	0.067812	-0.74456	-0.9567	-0.81488	0.019988	0.82922	-0.96081	-5.4276
0.70322	-0.66135	0.88153	0.26723	-0.63641	-0.053754	-0.70936	0.22266	0.79869	-0.54468
0.53883	0.58868	-0.92332	0.95631	-0.40233	0.34424	-0.83182	0.76677	-0.034208	-1.8579
0.15289	-0.24735	-0.65185	-0.36587	0.086571	-0.1888	0.0025691	-0.35439	0.62859	3.2715
-0.4624	0.0080922	-0.66026	0.14062	0.41163	0.29965	0.94019	-0.55238	0.85486	6.2662
0.83224	-0.62163	0.55431	-0.39425	-0.93029	0.93715	-0.73555	0.45957	-0.7234	-4.2387
0.67329	0.34212	-0.93202	-0.32646	-0.26791	-0.6587	0.93631	-0.29657	-0.71502	-3.6857
0.86065	0.55294	-0.019259	0.26106	0.14525	-0.74711	0.59832	-0.24913	0.74744	-3.8876
0.7728	-0.7195	0.49393	0.73005	-0.32803	0.83011	0.95701	-0.41556	-0.38058	-3.6938
0.52911	-0.93622	0.53339	-0.55568	-0.4968	0.44605	0.8325	-0.32738	-0.65782	-1.4004
0.21581	0.13112	-0.38709	-0.23894	0.12794	0.32986	0.058244	0.66945	0.68221	5.788
0.49534	0.38993	-0.60596	-0.56741	0.6129	0.66198	0.94334	0.86192	-0.06584	3.2542
-0.4036	0.50179	0.0027256	-0.11541	0.86194	0.22357	-0.4714	0.32079	0.070786	2.3151
0.44252	0.37265	-0.94115	-0.011812	0.66975	-0.42835	0.016647	0.60088	0.9725	6.4384
0.80292	-0.0040865	-0.14231	0.52731	0.81212	-0.90193	-0.027141	-0.42038	-0.77702	-9.9946
-0.91186	-0.11835	0.16455	-0.69312	0.1499	0.72607	-0.0065636	0.96024	0.2742	10.905
-0.31502	0.8463	-0.85879	0.77659	0.89357	-0.87811	-0.35515	0.86932	-0.73769	-3.488
-0.5232	-0.34252	0.36422	0.92398	-0.91768	-0.025049	0.38928	-0.49422	0.80509	3.7009
-0.85861	0.079138	0.74443	0.8943	0.44405	0.26794	-0.44642	0.40403	0.83857	3.1853
-0.10315	0.13018	-0.90235	-0.21013	0.26945	0.43672	-0.071579	-0.54559	0.11046	2.3503
-0.85872	-0.30308	-0.85911	0.56141	-0.6034	-0.29558	0.38113	0.4052	-0.3464	6.5907
0.80808	0.93168	-0.25934	0.67769	0.4139	0.42647	-0.59768	-0.25522	0.82614	-3.0772
-0.09785	-0.0059691	-0.63555	0.52491	0.77728	0.060685	0.077251	0.52871	-0.13206	2.3681
0.055687	0.76305	-0.87369	-0.22157	-0.85533	-0.62266	-0.23062	0.15763	0.56668	-0.3544
0.94279	-0.016467	-0.34673	-0.3101	0.88049	-0.75963	0.59205	-0.30676	-0.53595	-6.4162
0.59735	0.42725	0.72113	0.95457	0.2498	0.29007	-0.67626	0.29579	-0.50533	-8.3986
0.048924	-0.24159	0.19039	0.60724	-0.36951	-0.73299	0.33193	0.58021	-0.87767	-2.6982
-0.36089	0.77291	-0.15919	-0.85915	0.12239	0.56494	-0.36612	-0.57136	0.069253	0.29505
0.67641	0.48889	0.0040383	0.32995	-0.82783	-0.62502	-0.32833	0.92843	-0.025689	-2.9331
-0.87788	0.73596	-0.29959	0.5891	-0.50697	0.10103	-0.0075893	-0.63113	0.59996	0.96932
-0.58947	-0.50261	-0.74225	0.49007	-0.30464	0.24828	0.22673	0.37691	0.35437	8.1089
-0.43162	0.86537	0.070495	0.0011472	0.72918	0.39084	-0.40923	0.75569	0.39525	0.97156
0.466	-0.95124	-0.205	0.52009	-0.80126	0.72307	-0.90561	0.92096	-0.28833	0.17648
0.14074	0.56699	0.19485	0.13054	0.47661	0.10137	0.60155	-0.1039	0.11115	-1.8015
0.24785	-0.69068	-0.31366	0.54787	-0.4357	0.84222	-0.60066	0.32032	0.062027	2.2931
-0.48656	-0.85349	-0.61714	0.2511	-0.7595	-0.86671	-0.12405	-0.64418	-0.23159	1.4276
-0.66086	0.71118	-0.98988	0.60859	0.66848	0.92658	-0.2323	0.14041	0.5025	5.7885
-0.52131	0.084542	-0.7338	0.091062	0.52848	0.72972	0.079836	0.75073	0.35967	8.792
-0.81793	0.038229	0.073421	-0.50159	0.53138	-0.90327	-0.21058	-0.62207	0.18219	0.0078098
0.70969	-0.71688	-0.68596	0.79028	-0.8104	0.31865	-0.1373	0.041267	-0.85655	-3.1657
0.75892	-0.86621	-0.1448	0.71017	0.4215	0.80682	-0.67966	-0.17419	-0.69955	-5.4188
0.38276	-0.58348	0.84316	0.17762	-0.073705	-0.59504	-0.55975	-0.21848	-0.35723	-4.6639
-0.52722	-0.31099	0.65391	-0.89478	-0.81159	-0.74197	-0.9457	-0.078276	0.74631	0.827
0.23157	0.14207	0.97223	-0.0073133	0.16922	0.24792	0.064968	0.68385	0.57971	1.271
-0.37727	0.66729	0.7123	0.51018	0.64165	-0.95183	0.43282	-0.789	0.34683	-4.7389
-0.096209	0.89606	-0.59776	0.79488	-0.70897	-0.32871	-0.99371	0.16763	-0.1996	-3.4566
-0.67313	0.092387	-0.34787	-0.83046	0.73388	0.82612	-0.24736	-0.16472	0.90751	8.5259
-0.54563	0.78565	0.686	0.015079	0.93924	-0.82564	-0.55239	-0.42824	0.70482	-3.1108
-0.91385	0.60551	-0.86528	-0.96614	-0.80878	0.10497	0.85498	0.70576	-0.22196	7.846
-0.40361	-0.71327	0.59417	-0.60293	-0.22414	0.71792	-0.27084	-0.35408	0.36097	4.1411
-0.053196	-0.18121	0.42248	-0.2515	0.53886	-0.17668	0.76512	-0.90532	-0.065444	-2.0323
-0.31259	-0.64958	-0.28629	0.45305	-0.41016	-0.17988	-0.79323	0.4735	-0.69832	0.06188
0.65758	0.033324	-0.18048	0.27972	0.75176	0.31644	-0.95305	-0.94789	-0.51919	-10.312
-0.71452	-0.94889	-0.86793	0.96174	-0.69418	-0.35097	-0.94555	-0.98804	-0.56357	-1.0971
-0.82511	0.56519	0.67371	-0.22308	0.90106	-0.69746	-0.67989	-0.14879	0.16403	-0.070277
0.81277	0.27576	-0.40601	-0.75381	0.092316	-0.1138	0.28757	-0.77138	-0.3536	-6.9166
0.80751	0.061645	0.79379	0.74201	0.68198	0.95293	0.57297	-0.77853	-0.947	-8.0293
-0.53088	-0.73388	-0.387	0.58441	0.66104	0.67802	-0.28294	0.20075	0.20617	5.5458
0.015609	-0.45276	-0.18689	0.70688	-0.21745	-0.46105	-0.095144	-0.25765	0.092663	0.91133
0.10125	0.93303	0.71351	0.65476	-0.47389	-0.45761	-0.23002	-0.60448	0.21122	-8.6455
0.27666	0.035324	-0.04664	0.96764	0.54723	0.061949	0.79421	0.088756	-0.026119	-0.72141
0.14558	-0.0036965	0.0077881	-0.35131	0.66634	0.38651	0.88376	-0.1888	0.99358	5.1275
0.062939	-0.42931	0.36361	-0.50703	-0.46137	-0.1601	-0.55787	0.77318	-0.37983	0.17412
0.83821	-0.35837	-0.44239	-0.62128	0.49472	0.20946	0.56066	-0.34946	-0.45699	-4.4801
-0.96812	0.85385	0.64126	-0.95713	0.23234	0.20399	-0.093661	-0.25973	-0.58969	-2.074
-0.58533	0.63168	0.9958	-0.46775	-0.1869	0.6936	0.043232	-0.11855	0.72116	4.224
0.16551	0.66265	0.50356	-0.46807	0.31019	-0.45701	0.89787	-0.77832	-0.74323	-6.4439
0.48245	0.85479	0.86529	0.83253	-0.086083	-0.23477	-0.65969	0.061085	0.63519	-4.2359
0.052859	0.5265	0.42409	-0.031893	0.4985	0.71576	0.37544	-0.72156	0.71916	-0.59908
0.91553	0.42388	0.28784	0.99714	-0.79317	-0.58534	-0.28006	0.29674	-0.0052118	-7.6849
0.97191	-0.97657	0.85194	-0.94468	-0.67921	-0.72501	-0.84322	0.9152	0.74482	1.1514
0.59682	-0.24841	0.52136	0.77738	0.11206	0.73324	-0.4074	0.3285	0.42116	-1.7748
0.45451	0.87633	-0.68399	-0.058208	-0.16971	0.54991	0.50568	0.59161	0.25931	0.74681
-0.68723	0.023383	0.69406	-0.68935	-0.33642	0.52665	0.56962	-0.15233	0.263	2.105
0.698	-0.24632	0.96271	0.30162	-0.57054	0.18954	0.42647	-0.70682	0.84333	-1.2632
-0.8969	0.16339	-0.026308	-0.29801	0.54371	-0.36738	-0.80255	-0.033877	0.96692	7.4835
0.28852	-0.84585	0.86527	-0.79774	0.45492	0.27008	-0.15388	0.65971	0.33905	3.5169
-0.11624	-0.1529	0.065308	-0.28792	0.68346	0.49722	0.8289	-0.38595	-0.70538	-0.97596
-0.97336	0.50635	0.39967	0.32592	-0.69543	0.76026	-0.15304	0.80049	-0.93318	1.2886
-0.70392	0.11154	0.36881	-0.70247	0.63241	-0.23313	-0.75942	0.072659	-0.57161	-1.4771
0.23588	-0.70754	0.92389	0.46036	-0.81278	-0.80031	-0.45331	-0.8665	-0.33057	-6.5497
0.8673	-0.6109	0.42909	-0.0070354	0.05532	0.48682	0.32841	-0.6524	0.11673	-3.8964
0.27718	0.89093	0.48403	-0.060533	-0.65827	-0.65838	0.6699	-0.86525	-0.20394	-7.8088
0.83987	0.54698	-0.43552	0.14279	0.27134	0.53268	-0.26625	0.64363	-0.90268	-6.7458
0.48158	0.55773	0.74036	0.28264	-0.70691	0.3603	0.88428	-0.43676	0.0014717	-6.0135
-0.24269	0.097554	-0.75459	-0.467	0.84287	-0.56287	-0.68709	0.60596	-0.11088	3.5466
-0.27717	0.38204	-0.21721	-0.00927	0.51457	0.070041	0.63231	-0.74915	-0.38399	-1.1365
0.85332	-0.16548	0.54503	0.72257	0.85803	0.226	0.39901	-0.23829	0.71933	-3.7609
-0.1841	0.41653	0.66839	0.38617	0.67457	0.72479	0.2879	-0.58553	0.07937	-2.5749
-0.96781	0.32607	0.016759	0.033435	-0.9739	-0.94441	0.14191	-0.63212	-0.29134	-2.1486
-0.82398	-0.89216	0.99653	0.51847	-0.35355	0.13155	-0.9975	0.46911	-0.82842	-0.39352
0.4118	0.57914	0.32853	-0.80322	-0.41842	-0.81634	0.69807	0.51798	-0.18674	-1.8799
0.79882	-0.41868	-0.8092	-0.06825	-0.76975	-0.31138	0.50679	0.95333	-0.0713	4.6541
0.65986	-0.77977	0.38974	0.48572	0.70056	0.53282	-0.78307	0.36563	-0.55527	-4.6085
-0.02993	0.76919	0.21505	0.79732	0.9578	0.11387	0.78162	0.64524	-0.86095	-2.874
-0.45023	0.16397	-0.25658	-0.79813	0.062206	-0.70628	-0.28584	-0.6777	0.44601	1.9086
-0.070792	0.24961	-0.96149	-0.3943	0.10379	0.76713	-0.69882	-0.8552	-0.57323	-3.5092
0.40604	-0.76754	0.86273	-0.74915	0.073167	-0.8636	0.58076	-0.044479	-0.40597	-2.3441
0.52602	-0.52616	-0.55885	-0.00061346	-0.34786	-0.33732	0.067199	-0.27012	0.15201	0.59041
0.98312	0.98557	-0.81934	0.52324	0.1041	-0.94679	-0.38619	0.3052	0.52294	-3.325
0.4396	0.7088	0.093254	0.33312	-0.64139	-0.43873	-0.17096	0.56275	0.64252	-1.8782
-0.08605	0.82046	-0.13381	0.24272	0.067318	-0.58675	0.46456	0.24694	-0.028001	-0.91128
0.027733	0.33696	0.058513	-0.62087	-0.52906	0.54219	-0.24218	-0.91448	-0.060164	-2.3021
-0.28958	0.56314	0.79104	-0.15264	-0.097198	-0.81283	-0.33613	0.10764	0.0010179	-4.5485
-0.030847	0.82456	-0.85982	0.90939	-0.51297	-0.56871	-0.6703	0.64901	0.51586	0.24902
0.42245	-0.6043	-0.84573	-0.72986	0.71102	-0.82491	-0.24742	0.049028	-0.41321	0.19374
0.63631	0.434	-0.6057	0.11923	-0.89859	0.56942	0.17869	0.94907	0.62816	3.7342
0.47492	-0.5732	0.28095	-0.90468	-0.6147	0.18211	-0.31276	0.063475	0.4058	0.95058
0.89612	0.4199	-0.35935	-0.60892	0.78824	-0.35853	-0.45489	0.88349	-0.98962	-6.9981
-0.29789	0.4629	-0.79395	0.017188	0.55265	0.25383	-0.49864	0.5423	-0.6846	-0.98149
0.33575	-0.11091	0.12093	-0.15205	-0.73158	0.8067	0.7134	0.97688	0.31807	7.0506
0.77633	0.7316	-0.14235	0.85823	-0.28615	-0.48221	0.065452	0.08435	0.71631	-3.2379
0.37865	0.54485	0.4201	0.2147	0.093273	-0.21545	0.30882	0.389	-0.21301	-4.9426
0.52555	-0.61142	0.31503	-0.23876	-0.72828	-0.6066	-0.47227	-0.056032	0.38401	-0.65891
0.10464	-0.14193	0.89963	-0.88248	0.12241	0.6392	0.79109	-0.49049	0.96216	5.2438
-0.86498	-0.84747	0.11002	0.086427	-0.15679	-0.88636	0.93475	-0.64914	0.83712	8.7664
0.14987	-0.65498	-0.81054	0.052731	-0.2458	-0.092267	-0.12497	0.77753	0.030817	5.3359
-0.60122	0.16861	-0.14144	0.7931	0.15077	-0.50479	0.7546	0.40931	0.26737	4.3788
0.036388	-0.34573	-0.38	0.47	0.70872	-0.25684	0.71173	-0.82401	-0.23966	-1.9405
0.9029	0.65018	0.45936	0.1944	0.69106	-0.68384	-0.66972	0.32237	-0.81845	-9.3731
-0.76346	0.48531	-0.60548	0.71113	0.57831	0.17783	-0.96302	0.81878	-0.53694	0.41612
0.93722	-0.98497	-0.68579	-0.79737	-0.69966	0.11189	-0.19766	0.46788	-0.83181	-1.3919
0.72125	0.53763	-0.54563	0.11241	0.23226	-0.71228	-0.31406	-0.48995	0.97568	-2.1946
-0.88726	-0.68168	-0.58019	-0.39469	-0.64808	0.95889	0.50248	-0.67388	-0.076228	6.6503
0.62036	0.16803	-0.20561	0.87381	-0.073125	0.47422	-0.74409	-0.49429	0.53182	-4.5806
-0.45142	0.97178	-0.99337	-0.1607	-0.91164	-0.78606	0.92066	0.33006	0.49458	6.1308
-0.96363	-0.98033	0.28823	-0.94917	0.68758	-0.81645	-0.59334	-0.044159	-0.059936	5.0341
-0.29113	-0.13993	0.10973	-0.52861	0.070305	0.054715	0.036246	-0.024946	-0.10352	2.4784
0.26513	-0.10122	0.83865	0.49817	0.84457	-0.35392	0.39688	-0.42552	0.60757	-2.5244
-0.27609	-0.85639	0.068102	0.78998	0.46356	-0.040382	0.5447	0.33132	0.19902	5.7682
0.026522	-0.021892	-0.68892	0.46151	-0.21333	-0.78956	0.3283	0.024379	-0.14623	1.2638
0.99733	-0.82599	-0.63212	-0.42494	0.22818	0.95223	-0.41389	0.25081	-0.37562	-0.95601
0.43716	0.45851	0.98989	0.58655	0.21675	0.53533	0.92829	-0.044904	-0.38063	-3.4968
0.74979	-0.33538	0.58354	-0.54427	0.79233	0.77455	-0.27412	-0.33314	0.43792	-2.2075
-0.14695	-0.086538	-0.18246	0.09333	0.93993	0.34399	-0.63765	0.78705	0.37448	3.326
-0.070818	-0.049268	-0.55065	-0.34087	0.14914	0.64366	0.18525	-0.27793	0.1066	1.8771
-0.73175	-0.046007	-0.2199	0.34425	-0.32018	-0.56196	-0.023655	0.087891	0.75822	5.3751
-0.8165	-0.24459	-0.13825	0.39914	0.75945	0.61792	-0.50757	-0.63094	-0.87072	-1.8864
-0.036493	0.99858	-0.85361	0.14838	0.91353	-0.48407	0.88547	0.92932	0.78261	5.5289
0.86058	0.29882	0.61545	0.3982	0.48699	0.49636	-0.028336	0.71565	0.25069	0.31865
-0.10578	-0.8801	-0.82923	0.80453	0.83933	-0.21129	0.82566	-0.57713	-0.87913	-0.64514
-0.37852	-0.63851	0.79094	-0.020382	0.34775	-0.97768	-0.73564	0.033893	0.96337	3.7254
-0.5116	-0.23494	0.75889	-0.471	0.87506	-0.6741	-0.38222	-0.89773	0.79023	1.4922
0.88051	0.011854	-0.78124	0.37754	-0.72133	-0.65793	-0.1679	-0.17181	-0.39387	-6.567
-0.31461	0.79199	-0.85482	0.67671	0.03676	-0.068296	-0.18925	-0.32892	0.086394	-2.5763
0.73793	-0.43078	-0.12467	0.94761	-0.033925	-0.24189	0.93192	-0.30538	-0.30377	-5.6511
0.8604	0.15792	0.77806	0.74801	-0.082493	-0.58225	-0.62859	-0.90159	-0.26968	-12.276
-0.3251	0.98541	0.15823	-0.22286	0.48746	-0.72513	0.51319	-0.53776	0.026238	-2.4405
-0.45767	0.86752	0.94412	-0.86276	-0.0030271	0.37772	0.89484	-0.57708	0.60336	2.6197
0.052243	0.083501	0.14381	0.17733	-0.68865	0.32603	0.13739	-0.59119	-0.046735	-2.9082
0.1975	0.46688	-0.36887	0.33197	0.34252	-0.54766	-0.8416	0.40393	0.98107	1.1565
0.12926	0.81524	0.61298	-0.46242	0.61621	-0.30246	-0.87689	-0.63659	-0.25376	-9.7552
-0.75171	0.86363	-0.044661	0.26652	0.28347	0.48303	0.25975	-0.34234	0.69413	2.7263
0.13403	-0.43896	0.25276	0.55088	-0.11904	-0.79647	-0.59969	-0.4913	-0.93193	-6.9762
-0.054338	0.47264	-0.5767	0.29182	-0.48098	0.63065	0.50406	0.037578	0.55325	2.6572
-0.46059	-0.21671	-0.91597	0.29299	0.17399	-0.22174	-0.34336	0.1393	-0.33499	1.2244
0.96789	0.56541	-0.81683	-0.42052	-0.37593	-0.39265	-0.080579	-0.5161	-0.47946	-9.6488
-0.57401	-0.95731	0.20693	0.57695	0.64689	0.70646	-0.080769	-0.68906	0.29874	3.7037
-0.5001	-0.83002	0.27079	-0.41857	-0.34162	0.14167	-0.33127	0.71164	0.9325	10.928
0.90225	-0.5145	-0.1797	0.92075	0.11833	-0.29888	0.38647	-0.4538	0.16835	-4.5629
0.48614	-0.43888	0.39001	-0.15794	0.81345	0.041154	0.2543	0.074226	0.73366	3.2609
0.023313	-0.43933	-0.56941	-0.10615	-0.88496	-0.36811	-0.76714	0.28127	0.043801	2.4721
-0.089777	-0.34561	-0.84632	-0.28946	0.35876	-0.016675	-0.88597	0.73405	-0.1756	3.0662
-0.38295	0.39675	-0.52871	-0.44747	0.41594	-0.1118	-0.13676	0.94454	0.079956	4.5062
0.42656	-0.36916	-0.68171	0.90499	0.89786	0.58282	0.8644	0.1424	-0.42632	1.015
0.81624	0.79501	0.43425	-0.36934	0.91448	0.093698	-0.78645	0.53058	0.36037	-5.1233
-0.11077	0.2209	0.99769	-0.48384	0.63162	-0.17087	-0.95688	0.41799	-0.18608	-3.0362
0.54892	-0.58911	-0.21283	-0.90376	0.72778	-0.54032	0.36324	0.93201	-0.73054	3.1756
0.13613	0.89483	-0.95972	-0.40985	-0.66489	-0.57238	0.46907	0.257	0.16387	0.86118
-0.78891	0.15092	0.2589	-0.77228	-0.3459	0.61208	-0.51481	0.093817	-0.75249	0.22327
-0.18915	-0.71731	-0.64588	0.49004	0.54611	0.88428	0.76335	0.12361	0.88385	9.7048
-0.32804	-0.34639	0.17768	-0.47266	-0.93088	-0.49993	0.18742	-0.59811	-0.35401	-0.18536
-0.48181	-0.29478	0.06049	0.68259	-0.92311	0.68199	0.1769	0.34912	0.44202	8.2901
-0.068029	0.14318	-0.3132	0.51959	0.99242	-0.96846	-0.17148	-0.63265	0.66072	0.18883
0.15159	0.38745	0.43083	-0.4894	-0.55969	-0.7241	-0.84329	0.28464	-0.87481	-8.4009
0.70873	-0.08298	-0.29883	0.3843	0.33321	0.69293	0.45483	-0.12468	-0.52558	-3.1148
-0.94264	-0.40903	0.086344	-0.80857	-0.088993	-0.37262	0.70832	0.34321	0.21355	7.847
0.46825	0.51424	-0.062599	0.43311	-0.45444	0.1013	-0.31253	0.67996	0.65881	0.091401
-0.53713	0.96873	-0.97391	0.28738	-0.41356	0.60849	0.74748	0.58163	0.37634	8.0243
0.56182	-0.097279	-0.73774	0.76943	0.86548	-0.96276	0.64435	0.5319	-0.90507	-4.1999
0.35644	-0.5754	0.39396	-0.26606	0.73143	-0.36976	-0.61598	0.096982	0.36828	1.4673
-0.67481	0.31713	-0.20082	-0.67071	-0.80431	-0.12332	0.32221	-0.97804	0.79617	3.9781
-0.49993	-0.67815	-0.55833	-0.64122	-0.73237	-0.98928	-0.83002	0.61865	-0.8844	1.0624
0.95075	0.40529	-0.77616	-0.12051	0.34654	-0.098134	0.28491	0.62848	-0.80504	-3.8417
0.54376	0.15548	-0.13663	-0.32718	-0.16976	0.11381	0.12484	0.30205	-0.20403	-0.51711
0.69573	-0.43134	-0.40207	-0.35195	0.020355	-0.51154	0.82229	-0.89231	0.78861	2.1124
-0.2607	-0.93161	0.27848	-0.80521	-0.99045	0.16364	0.65339	-0.11301	0.34121	6.2467
0.35353	-0.50981	-0.8348	0.029251	0.56573	0.25085	-0.28503	-0.40307	0.64887	3.179
-0.13665	0.31396	-0.83545	-0.91019	-0.97533	-0.25917	0.5288	-0.13506	0.73708	5.9374
0.30789	-0.49496	0.60502	0.029325	0.36241	-0.81056	0.46842	0.99104	0.2608	2.2512
0.35822	-0.064866	0.48072	-0.92409	0.79673	0.48449	-0.83938	0.91486	0.14494	-0.14758
0.89498	0.626	-0.22783	-0.23825	0.92365	0.40343	0.017141	0.24874	-0.083988	-2.5148
0.012894	-0.37697	0.97209	0.16824	-0.53173	-0.27821	-0.39039	-0.29017	-0.11517	-3.9921
-0.11351	-0.6317	0.21	0.87156	-0.23462	0.52594	0.19535	0.87431	-0.82879	0.4293
-0.80716	0.11984	-0.27639	-0.96611	0.15501	0.42156	0.010985	-0.72315	-0.94163	-1.0612
-0.10427	-0.55892	0.52206	-0.3745	0.6329	0.1979	-0.66195	-0.45365	0.6144	0.98691
0.63404	-0.6097	0.43842	0.31791	0.75863	-0.36171	0.61915	-0.46249	0.34902	-0.44921
-0.17415	-0.37715	0.03622	-0.33765	-0.67406	0.1232	0.30482	0.33934	-0.44249	3.2691
0.20002	0.30556	-0.78177	-0.32018	0.092932	-0.56826	0.073108	-0.85455	-0.61417	-2.8946
-0.82664	-0.2525	-0.783	0.57146	-0.93803	-0.68491	0.78082	-0.66577	-0.21234	2.6512
-0.76537	0.65082	-0.59445	-0.54409	0.19075	0.055069	-0.89077	0.045635	0.26478	2.4266
0.98295	-0.030819	0.40985	-0.87434	0.77986	-0.38145	-0.41801	-0.58525	-0.5477	-8.6236
0.30776	0.73798	0.376	0.87321	-0.038208	0.215	0.1449	0.33074	-0.92032	-5.3722
0.27236	0.21764	0.6954	-0.88277	-0.47617	-0.037457	0.0027246	0.90658	-0.82176	-3.4839
0.73331	0.69196	0.2351	-0.8806	-0.63528	0.13168	0.45786	-0.17324	-0.35317	-6.4998
-0.44765	-0.9279	0.57658	0.044002	0.73563	-0.71748	-0.055943	-0.9066	0.21395	0.45069
0.33196	-0.12803	0.25467	0.95181	0.8326	-0.060999	0.85665	-0.074006	-0.14383	-1.1962
-0.85064	0.78634	-0.76857	-0.90515	-0.56676	-0.18579	0.91165	0.61738	0.79722	10.632
-0.89026	-0.39428	-0.53908	-0.094781	0.88925	-0.10694	0.341	0.92892	0.049442	9.0199
0.73392	-0.32501	-0.37201	0.58441	0.068713	0.38788	0.025648	-0.74418	0.66096	-0.15722
0.77614	-0.001474	-0.37373	0.66917	0.67856	-0.5083	0.60368	-0.18413	0.035018	-3.3205
0.96277	-0.39406	0.84108	-0.63613	0.93493	-0.53421	-0.55437	0.22298	-0.20741	-7.5693
0.79641	-0.6212	-0.88352	-0.17623	0.97699	-0.74676	0.76932	-0.65766	-0.58722	-3.8201
-0.74439	0.2777	0.39885	0.80114	-0.26312	0.10212	0.43642	0.36115	0.44293	4.6056
-0.68987	0.29303	0.0025903	-0.21222	0.049805	0.095552	0.65142	-0.0038829	-0.26939	1.5889
0.62692	-0.93974	0.030309	0.17564	0.30383	-0.80533	-0.77777	-0.15202	0.10892	-3.1029
0.040165	0.17542	-0.098292	-0.34758	-0.69357	-0.35875	0.12556	0.9742	0.27881	3.6362
0.58442	0.31764	0.66858	-0.44901	-0.82443	-0.65864	0.74853	-0.11686	0.50747	-2.9778
0.21679	-0.85856	-0.053917	-0.2814	-0.5058	0.707	0.63437	0.57442	-0.097851	4.648
0.53429	0.76459	0.45764	0.26217	-0.72413	-0.29106	-0.86178	0.091597	-0.95845	-11.477
0.88255	0.41786	-0.19447	-0.11197	0.43521	0.061314	0.093497	0.71949	-0.60689	-1.3215
0.32805	0.019362	-0.76794	0.32457	-0.97263	-0.31932	0.97441	0.8099	-0.48083	2.42
0.47249	0.63621	-0.21951	-0.038556	0.2367	0.78668	0.57805	0.57155	0.032639	0.31573
-0.49764	-0.88636	0.03816	-0.22888	0.94786	-0.76777	-0.52725	0.76236	-0.50269	2.2541
-0.80698	-0.47064	0.40933	-0.25064	0.17262	0.67673	-0.21978	-0.8035	0.27429	4.136
0.55025	-0.521	-0.91234	0.91332	0.0096804	-0.44795	-0.74423	-0.54849	0.38666	-1.9878
0.41398	0.58221	-0.54398	-0.675	-0.69235	-0.51407	-0.79057	0.29966	0.52127	-1.3481
0.40391	-0.61201	0.65946	-0.043976	0.32629	-0.30359	-0.33667	-0.056574	-0.47789	-4.6284
-0.54522	0.70374	-0.053943	0.93238	0.41837	-0.67538	0.49044	0.40331	-0.60929	-1.6017
0.83686	0.99824	-0.24722	0.85508	0.16507	0.62231	-0.1755	-0.70391	0.68033	-4.5653
-0.064095	0.12234	-0.14874	-0.97329	0.19925	-0.86283	0.71423	-0.59822	-0.57447	-0.63541
0.12903	-0.2554	0.12297	-0.96023	-0.95374	0.47047	0.18174	-0.24632	0.44082	3.2733
0.27361	0.98844	-0.05225	-0.1258	0.49865	0.51878	0.35635	-0.33482	0.19543	-0.65396
0.37484	0.27784	-0.60633	-0.8948	0.33571	-0.87433	0.070209	-0.30487	-0.69961	-5.9949
-0.85611	-0.099699	0.68522	0.71298	-0.98271	0.59388	-0.81538	0.22454	0.14601	1.2125
0.95993	0.48856	0.14278	0.64507	0.2982	-0.80998	-0.21783	0.01225	-0.19664	-7.1324
-0.87655	-0.50417	-0.25047	-0.039718	-0.71239	-0.94005	-0.1056	-0.48926	-0.32114	2.5071
-0.43687	0.62498	-0.80852	0.30483	0.3044	0.80323	-0.88258	0.98592	0.098702	4.0307
-0.079046	-0.079527	-0.24381	-0.48859	-0.33631	0.47735	0.43384	0.067389	0.71179	5.2885
0.63574	0.47788	-0.8479	0.35203	0.29114	-0.80756	-0.403	-0.37424	-0.092501	-5.5307
-0.64839	0.097064	-0.6146	-0.46764	0.22148	0.17256	0.99185	-0.19153	-0.29077	4.8617
-0.94787	0.13483	0.89389	0.71888	0.61886	-0.24976	-0.83085	0.57802	-0.17113	1.8715
0.88555	0.77631	0.61542	-0.12644	0.77085	0.55044	-0.96958	-0.95734	-0.35659	-10.591
-0.22346	-0.56661	-0.75107	0.79822	0.44893	0.65868	-0.60064	-0.76026	0.81607	3.3373
-0.73576	0.22493	0.93233	0.83299	0.11013	0.70621	0.61433	-0.42334	0.89965	3.5781
0.65062	-0.56233	0.20601	0.78969	0.38942	-0.06921	-0.059626	0.80421	0.41025	1.8315
0.71597	0.52971	0.35321	0.036475	0.098617	-0.12756	-0.37497	0.014003	-0.81458	-9.2715
0.53703	0.46127	-0.51459	0.25091	-0.18356	0.24898	-0.42832	0.82157	0.61825	-1.16
0.77872	0.35363	0.86967	-0.7817	-0.66942	0.82291	0.96051	-0.46041	-0.45818	-6.8923
0.39519	-0.066685	0.066279	-0.97151	-0.54224	0.54195	0.51659	0.66812	0.37364	4.0394
0.30255	-0.4923	-0.98245	-0.013203	-0.75252	0.74341	-0.73912	0.24273	0.82672	3.495
-0.12645	-0.58719	0.94092	-0.1897	-0.60082	-0.67192	0.25441	0.17199	-0.81255	-1.9836
-0.0069932	0.11918	0.76033	0.99397	-0.87551	0.78088	-0.085124	0.24353	-0.40607	-3.504
-0.054184	0.54487	0.29467	0.9999	0.7816	-0.17926	0.3526	-0.28117	0.54023	-0.97708
0.16644	0.13803	-0.82154	-0.40634	0.46118	0.28246	0.41437	-0.050096	0.037946	1.6637
0.44278	0.014274	0.28386	0.017368	-0.75602	-0.76448	-0.65276	-0.37209	0.23421	-3.4921
0.047307	0.87076	-0.85363	0.68975	-0.61242	0.69468	0.0092651	-0.86707	-0.76164	-6.469
-0.39581	-0.12774	-0.4006	0.15405	-0.20688	0.82331	0.063763	-0.51396	0.12109	2.9585
-0.19494	0.51342	0.25058	0.027944	0.45203	-0.6869	0.072318	0.21169	0.91295	0.64314
-0.3221	-0.17235	-0.94243	-0.94735	-0.252	-0.6916	-0.1685	-0.13599	0.45485	5.0138
-0.46489	0.55437	-0.68274	-0.97389	-0.42944	0.4548	0.1119	-0.12973	0.84665	5.7596
-0.12233	-0.18533	0.45714	0.34754	-0.78858	0.084199	0.35124	-0.81001	-0.89337	-5.2588
-0.7933	-0.29791	0.064534	0.70819	0.59345	-0.74371	0.023085	-0.88117	0.45066	0.61223
-0.71067	0.77778	-0.60663	0.7143	0.023567	0.66798	0.12983	0.74631	-0.83556	-0.93321
0.721	-0.89924	0.83657	0.51388	0.20706	0.061234	-0.81157	-0.66738	0.44748	-4.0044
0.12948	-0.03093	-0.56946	-0.53745	-0.90459	0.6041	-0.05976	-0.71686	-0.90797	-4.3072
-0.79889	0.61994	-0.29423	0.047472	-0.15905	-0.83452	-0.66396	0.31024	0.17093	1.741
0.26144	-0.11065	-0.68352	0.032415	0.6783	-0.55072	0.44209	-0.82853	-0.39763	-0.96113
-0.036926	0.088085	-0.25986	0.24898	-0.2122	0.7048	0.9643	0.54986	-0.17077	3.3154
0.71003	-0.06514	0.47419	0.0094924	-0.17813	0.25051	0.83784	0.047034	0.91721	1.637
0.84265	-0.75121	-0.94	-0.37108	-0.43846	0.41761	-0.18732	-0.51556	-0.60306	-1.9975
-0.34882	-0.49982	0.12175	-0.93817	-0.52383	-0.77088	0.49297	-0.74347	-0.012019	2.2807
0.90516	-0.10853	-0.56358	-0.90749	0.76684	0.84786	-0.12208	-0.75694	-0.82112	-5.4439
0.46686	-0.62303	0.83634	-0.0056596	-0.93611	0.57628	0.69685	-0.90904	0.68162	0.22345
-0.82017	0.29297	0.036128	-0.89257	0.45876	0.32527	-0.10919	0.58064	0.2889	6.3028
-0.27326	-0.53414	-0.68639	0.73743	-0.42294	-0.82622	0.43238	-0.84358	-0.98485	0.046246
-0.15056	-0.72339	0.66066	-0.33124	0.21168	0.63924	0.31377	-0.076708	0.91619	5.4914
0.97153	-0.89654	0.50292	-0.15321	0.54453	0.991	-0.8654	0.70665	-0.55203	-4.0905
0.5603	0.54462	-0.31265	-0.99423	0.89724	-0.67422	0.22714	0.30686	-0.54044	-2.5647
0.11078	0.41405	0.24277	-0.18044	-0.48955	0.82659	-0.52768	0.60343	0.55616	1.4411
0.2655	0.23571	0.2227	0.38783	-0.17028	0.21461	0.06563	0.97019	0.98459	4.4646
-0.81887	0.087868	0.21799	-0.14479	-0.94997	-0.55451	-0.63463	0.41549	0.093694	2.7255
0.34179	-0.93551	0.19207	-0.55533	-0.061875	0.38316	0.96804	-0.25507	-0.79486	-0.14017
-0.93844	0.14292	-0.94134	0.75124	0.26024	0.40603	0.38428	0.40854	-0.88768	2.8293
0.11576	0.9192	-0.2255	0.70553	0.28467	0.89912	-0.41911	0.60964	-0.54708	-5.3411
0.98164	0.65947	0.88774	-0.35742	0.0063195	-0.9155	0.34099	-0.82309	-0.38091	-14.11
-0.46928	-0.2159	0.31951	-0.23614	-0.19123	-0.76969	0.1481	-0.86157	0.62442	0.53681
-0.34261	0.62286	0.86266	-0.52752	0.13231	0.28205	0.6352	0.54633	0.7118	3.4096
0.99685	0.82184	0.77184	0.87127	0.15278	0.55504	-0.49909	0.73005	-0.71139	-9.961
0.32363	0.6211	0.41676	-0.66938	0.50905	-0.90386	-0.53261	-0.2925	-0.57393	-8.8294
-0.56129	-0.35552	-0.11503	0.25525	-0.75773	0.36821	-0.46094	0.36929	-0.94663	-0.26337
0.13698	0.31493	0.62726	-0.71976	0.3461	-0.14965	-0.57138	0.20886	-0.32617	-2.7066
-0.29614	-0.78009	0.71051	-0.68701	0.69552	0.53515	0.94337	-0.60902	0.35265	6.8701
-0.91257	0.65452	-0.62802	0.72457	-0.43576	-0.27699	0.88796	0.29729	0.91062	8.9912
0.80554	0.14363	-0.29358	-0.605	0.52996	-0.60275	0.78437	-0.34176	-0.89996	-8.1268
-0.50235	-0.45369	0.13222	0.92157	-0.045621	0.80839	-0.93224	-0.15217	0.42332	3.3324
-0.931	-0.80997	-0.63038	-0.27153	-0.66522	-0.78836	-0.39981	0.61886	-0.5367	5.3627
-0.72546	-0.55	-0.068811	-0.99091	0.53419	0.14868	-0.3143	0.41821	-0.67998	2.3819
-0.49969	-0.72419	-0.63346	0.71136	0.92153	-0.51529	-0.57169	-0.39922	0.48756	4.1565
-0.23954	-0.62421	0.18284	0.69563	-0.52416	0.44246	0.96828	-0.80139	0.94201	5.9139
0.87589	-0.69426	0.56199	0.081422	-0.8973	0.24695	-0.38746	-0.29824	-0.2595	-4.79
-0.93058	-0.4442	0.31094	-0.048448	-0.78001	-0.089845	0.40697	0.72831	0.31042	7.0378
-0.24368	0.34255	-0.8799	-0.83004	0.60408	0.56657	-0.095395	0.76071	0.36313	7.6601
-0.6435	-0.78638	0.37491	-0.24071	-0.22024	-0.32463	0.88195	0.96096	-0.74665	5.6461
-0.93031	-0.012417	0.32371	0.047055	0.14329	-0.69564	-0.24175	-0.13134	0.93506	4.2486
0.75123	-0.87442	-0.89344	0.9417	-0.70696	0.24787	0.77997	-0.62041	-0.51507	-0.86497
0.94203	0.068388	0.52665	-0.12267	0.011529	-0.44684	-0.51145	-0.25752	0.065514	-8.0036
0.16163	0.098831	-0.9307	0.6239	0.8911	-0.96805	-0.80746	-0.22675	0.66288	-0.002601
-0.26124	0.6714	0.79548	0.79218	0.80231	0.94606	-0.57301	-0.59898	0.36459	-3.4347
0.82656	-0.086009	0.41447	0.66007	-0.16563	-0.77144	-0.074409	0.665	0.034287	-5.5111
0.27514	0.30962	-0.82108	-0.019914	-0.090638	-0.54254	0.62082	-0.29431	-0.18046	-3.5782
-0.059418	0.95005	-0.33235	0.53485	-0.35771	-0.77708	0.28158	-0.13542	-0.70979	-6.8684
0.78013	0.44393	-0.72329	-0.97342	-0.80099	0.94698	0.1171	-0.3244	-0.50911	-3.1495
-0.64133	0.29331	-0.52154	-0.3031	-0.13799	-0.69244	0.35943	-0.70141	0.39774	4.0676
0.60064	-0.91295	0.94215	-0.57154	-0.37042	0.3898	-0.34697	-0.54417	-0.16333	-3.6388
0.82457	0.19434	0.94209	0.25916	0.97557	-0.75431	-0.09201	0.24354	-0.69536	-9.0384
0.58188	-0.016527	0.6139	-0.3376	-0.1319	0.43605	0.33082	0.55962	0.62677	2.1486
0.62504	-0.63551	0.84615	-0.60005	-0.19726	0.81592	-0.35216	-0.53445	-0.80786	-6.7802
0.21906	0.78759	0.36449	0.72555	-0.21048	0.47724	-0.26214	-0.95286	0.74656	-4.9459
0.80065	-0.69376	0.28801	0.43538	-0.67462	-0.53573	0.38851	0.17849	0.030934	-1.6699
-0.94501	-0.081551	-0.0065015	-0.33918	-0.16497	-0.56732	-0.2207	-0.68977	-0.67258	0.19772
-0.53698	0.90183	0.98375	0.89202	0.017615	0.43307	-0.14468	-0.73443	0.49168	-5.1942
0.88889	0.18572	0.44814	0.18009	-0.43562	0.57515	-0.55626	0.20442	-0.13953	-5.1822
0.28011	-0.49541	-0.24019	-0.13527	0.30414	-0.18629	0.50498	0.44194	-0.68461	0.62886
0.018963	0.54051	-0.84088	-0.5902	0.24347	0.61915	0.54983	0.46934	-0.82998	0.79882
0.24338	0.82577	0.46517	-0.62203	0.41726	-0.87737	-0.12845	0.76859	0.7279	-0.27418
-0.0056744	-0.19588	0.027469	-0.97842	-0.49388	-0.63514	-0.8571	0.69552	0.55427	3.572
0.22267	0.86344	0.044696	0.69387	-0.019354	-0.44969	0.32896	-0.44957	-0.46597	-6.2104
-0.77805	0.34503	0.62871	-0.43908	-0.35634	0.90757	-0.13749	-0.014387	-0.4307	0.1445
-0.52704	0.86006	0.66924	-0.19631	0.29455	-0.68107	0.85658	-0.25905	0.21397	-1.4024
-0.96509	0.45975	0.89371	0.43371	0.96377	-0.28198	0.49289	0.52988	-0.90535	-3.2656
0.65361	0.18363	-0.026893	0.70168	0.56314	-0.33713	-0.28028	0.60913	0.6711	0.2995
-0.014777	-0.77869	-0.63952	-0.10929	-0.21228	0.64382	-0.24708	0.1708	0.93761	9.52
0.025105	0.57156	-0.64282	0.4266	-0.084473	-0.69055	-0.69321	0.35973	0.5002	0.10063
-0.54758	0.22661	0.19539	0.77669	0.10375	0.060267	0.32831	-0.55059	0.84847	2.5965
-0.63522	-0.29481	0.94945	0.26269	0.33975	-0.23362	-0.64229	-0.57604	-0.786	-4.3113
0.84387	0.24663	0.85506	0.97343	0.57215	0.88206	0.7652	0.37194	0.81835	1.5758
0.89059	-0.05103	0.10785	-0.65225	-0.18333	0.90314	-0.97568	0.78008	0.63916	1.1258
0.11195	0.25188	-0.42209	0.25618	0.38909	0.98865	-0.88482	-0.49376	0.28722	-3.9023
0.2491	0.28248	-0.54892	0.36925	-0.43824	-0.24572	0.5395	0.69174	0.99767	6.5703
0.25138	0.77537	0.53339	-0.66493	-0.72618	-0.23794	-0.90745	-0.74808	-0.57042	-9.8882
-0.41538	-0.85152	-0.56359	-0.70185	-0.97619	0.33877	0.75264	0.2774	0.98147	12.586
0.80215	0.29675	-0.1101	-0.71512	-0.92755	-0.74818	0.5376	0.89714	-0.95494	-4.5339
-0.95988	0.23812	-0.29759	-0.81471	-0.29432	-0.16673	-0.80471	0.57614	-0.20956	3.5946
-0.66341	-0.13923	-0.15803	0.83465	0.60727	-0.74731	-0.10889	0.22022	0.12605	3.5808
0.085411	-0.58599	0.61328	0.70659	-0.12881	0.017194	0.1613	0.14166	0.12777	0.24028
-0.78939	0.28002	-0.93878	-0.28574	-0.71163	0.81126	0.21378	-0.98863	-0.061111	3.7645
-0.92182	-0.8881	-0.53374	-0.81587	-0.37613	0.40083	-0.58679	0.20645	-0.11288	8.7521
-0.35472	0.43651	0.81598	-0.33558	-0.74697	0.064485	-0.69292	-0.50358	-0.59686	-6.3778
0.84177	0.38098	0.68209	-0.86508	0.67941	0.23994	0.011826	-0.38347	-0.60765	-7.9874
0.40949	-0.87662	0.66307	-0.82391	-0.10761	-0.76509	-0.032449	0.40638	0.70446	3.9262
0.27759	0.25009	-0.68893	0.4461	-0.80267	-0.72972	-0.75411	-0.011757	0.38228	-1.1377
-0.82724	0.56561	-0.38888	-0.17859	0.88467	-0.16795	-0.40017	0.93445	-0.24229	2.1392
-0.53919	-0.099277	0.47441	0.040229	0.92525	0.42208	-0.72778	-0.89693	-0.6195	-5.1342
-0.35758	-0.68374	0.20246	-0.45955	-0.44978	0.42113	-0.89501	0.85434	-0.48875	3.5546
-0.18123	0.84806	0.18268	0.44762	0.68866	0.21883	-0.23135	-0.46738	-0.40613	-7.343
-0.78689	0.90341	0.82361	0.73769	0.75835	0.51912	0.47919	0.88836	0.79161	4.9764
0.43235	-0.22762	0.0088965	-0.64666	0.25001	0.16893	0.31176	0.28784	0.98192	6.1993
0.66806	0.74099	0.58478	-0.20834	-0.076737	-0.21635	0.91637	-0.052862	-0.83201	-7.5995
0.41312	0.47779	0.6094	-0.19515	0.38547	0.98784	0.010523	0.57521	-0.30592	-2.714
0.48936	0.92219	0.30204	0.045177	-0.37168	0.21268	0.27179	-0.98351	-0.82302	-9.725
0.47302	0.66914	0.19808	-0.6503	0.031918	0.85401	-0.30797	-0.70495	0.26128	-6.321
-0.97526	-0.19783	-0.40404	-0.16857	-0.30975	0.75269	-0.50777	0.37144	-0.49632	5.4193
0.16729	0.010482	0.93151	-0.99083	0.11186	-0.82352	0.90244	0.080234	-0.14821	-1.9143
0.39149	0.29276	0.84476	0.83089	0.42638	-0.43433	-0.66921	0.091406	0.018245	-5.4239
-0.98799	0.54793	0.30057	-0.13668	-0.27842	-0.89154	0.054978	-0.034444	-0.44307	-1.0048
0.042926	0.8276	-0.64832	0.47275	-0.66156	-0.69951	0.99393	-0.78153	0.076569	-1.9251
0.67462	0.40621	-0.64231	-0.79941	0.30044	0.4998	0.81864	0.13288	0.60504	2.8895
-0.88475	0.24714	-0.34941	-0.8321	-0.32449	-0.20016	0.30364	-0.30413	-0.75546	2.1615
-0.23689	0.93622	0.26709	0.56508	0.045776	0.39901	-0.7371	0.64619	0.50094	-0.56476
0.039628	-0.84235	-0.43309	0.84647	0.24567	-0.82442	0.44876	-0.048318	-0.040183	1.0743
0.65583	-0.60953	-0.39321	-0.54136	0.35889	0.32617	0.26664	0.95921	0.99775	8.4977
0.85205	0.50518	0.78267	-0.095019	0.84636	-0.22395	0.59505	-0.87469	-0.065974	-8.769
0.078473	0.061138	0.9577	-0.5856	-0.82656	-0.13073	0.49636	-0.55989	0.082218	-3.522
-0.061339	0.8044	0.70403	-0.78622	0.023282	0.58921	-0.93158	0.13994	-0.82346	-7.9689
0.023577	-0.030873	-0.0078817	-0.8281	0.19346	-0.39881	0.0055815	-0.41135	0.93979	2.2747
0.88328	0.95333	0.75094	0.98583	0.47896	-0.22957	-0.24824	-0.30043	0.24474	-9.9144
-0.8647	-0.54712	0.41923	-0.11836	-0.65143	0.75789	0.78646	0.0045856	-0.10046	6.5596
-0.67522	0.43146	0.90664	-0.49188	0.10543	0.80834	-0.63429	0.80304	0.82008	5.5187
0.54754	0.22674	-0.48201	0.45885	0.38522	0.57072	-0.76836	-0.016936	0.81286	-0.20291
0.44268	0.028635	0.84758	-0.22771	-0.95312	-0.38083	-0.1953	-0.89026	-0.74703	-11.757
0.42849	0.34086	0.51112	0.17614	0.40987	-0.96721	0.36248	-0.64683	-0.48577	-7.3386
0.37057	0.84004	0.31806	0.55511	-0.2449	-0.66953	0.50078	-0.18161	0.20675	-5.1158
-0.27425	-0.66876	-0.55106	0.42272	0.91644	-0.48754	0.43542	0.30064	-0.62372	2.3059
-0.93211	-0.53411	0.63929	0.89418	0.20925	-0.051186	0.46583	-0.023035	-0.46857	0.65176
0.79617	0.56845	-0.13353	0.52011	-0.15944	-0.23572	-0.36901	0.874	-0.65237	-5.1404
-0.99775	-0.45778	-0.22044	-0.65062	-0.27397	-0.93014	0.34101	0.79868	0.017021	8.7931
0.83675	0.43928	-0.046202	0.001364	-0.92535	0.98985	-0.77186	0.32019	0.25317	-2.5032
-0.31174	0.16384	-0.46081	-0.4044	-0.65117	-0.78207	0.89842	0.66276	-0.17087	3.4861
-0.54703	0.78731	0.17765	0.72504	-0.1952	0.65756	-0.043635	0.72556	-0.81222	-2.4506
-0.26917	0.22611	0.93941	0.32652	-0.52011	0.87987	0.19073	-0.29274	-0.30037	-2.6064
0.16063	0.66809	0.76137	0.37364	-0.74722	0.66904	0.20096	-0.20849	0.058263	-4.1225
-0.11469	0.52943	0.9269	-0.76771	-0.14169	-0.6724	-0.20747	-0.87694	0.98481	-3.81
0.14933	-0.42022	0.030012	0.22	0.97694	-0.62369	-0.83004	0.15315	-0.78878	-5.4589
0.087803	0.53608	0.019797	-0.27507	0.095164	-0.28414	-0.47699	0.46884	0.26109	-1.4786
0.26083	-0.59782	0.1112	-0.1895	0.014484	0.34835	-0.46988	0.82154	0.20807	5.8412
0.77846	0.73423	0.69933	-0.61618	-0.39904	0.86	0.0077794	-0.0034148	0.54921	-3.397
0.083375	0.20458	0.67881	0.66107	0.13756	-0.69076	-0.57414	-0.31672	-0.062379	-7.1631
0.95279	-0.1337	-0.74314	0.89062	-0.37613	0.86787	-0.29196	-0.49037	-0.70777	-7.1139
-0.21524	-0.31095	-0.4944	0.80492	-0.91284	0.62754	-0.61042	0.71915	-0.56556	2.3268
-0.33989	-0.89317	-0.32825	0.2012	-0.049148	-0.65752	0.018806	0.11433	0.74287	6.3068
0.0054223	-0.36275	0.46169	-0.15185	0.40599	0.15112	0.37758	0.93488	0.88464	6.4374
0.54247	-0.39336	0.36233	-0.98331	0.41506	-0.86445	-0.094691	0.85697	-0.78575	-1.8418
0.17451	0.54363	-0.34576	-0.90151	0.16933	0.94579	0.93192	-0.17677	0.0063602	0.577
0.37749	0.93776	-0.27917	0.039953	-0.22717	-0.53348	0.5237	-0.84933	-0.39038	-7.3134
-0.73093	-0.79885	-0.34013	-0.035294	-0.90812	0.77515	-0.97328	0.94341	0.55197	10.998
0.97047	0.90806	-0.067316	-0.97445	0.16239	0.3011	0.80336	-0.25482	0.45524	-2.9515
0.67812	0.75626	0.74215	-0.079238	-0.44358	-0.20032	0.027892	-0.78893	-0.46391	-9.5382
-0.93086	0.1233	0.90727	-0.94761	-0.38488	-0.1693	0.25423	-0.50725	0.53699	3.0425
-0.85633	-0.70762	0.12843	0.53789	0.029195	-0.69563	0.44029	0.7737	0.68278	8.4854
-0.83159	0.44636	0.88935	-0.1361	-0.31317	-0.95003	-0.95072	0.38735	-0.19453	-2.5628
-0.35876	-0.80847	0.66528	0.92312	0.57731	-0.83561	0.33961	-0.52008	0.88075	3.9219
-0.67655	0.048638	-0.45812	0.1342	0.53283	-0.68758	0.52303	0.74986	-0.96886	0.20956
-0.89422	-0.96344	-0.32511	0.74629	-0.47972	0.95258	-0.74669	0.4548	0.22816	7.3457
0.96335	-0.75534	-0.66504	0.14603	-0.27081	-0.66478	0.36827	0.45093	-0.68249	-1.8651
0.39127	-0.80316	0.93092	-0.047064	-0.45821	0.45561	0.41747	0.31433	-0.23762	0.23287
0.42155	-0.71084	-0.17748	0.1863	-0.018104	-0.55875	0.45097	0.41016	-0.15046	1.3278
-0.53068	-0.35535	0.73188	0.87514	-0.090281	-0.48741	0.66505	-0.99105	0.36235	0.001249
0.57087	0.60278	0.84131	-0.97473	0.83033	-0.0043979	0.20072	0.67032	-0.22751	-4.8423
0.59698	0.94836	0.57447	-0.43778	0.57979	-0.99353	0.95124	0.24336	-0.49205	-8.2127
-0.66197	-0.26527	-0.31002	-0.84863	0.26327	-0.91393	0.81103	-0.41111	0.5378	6.8387
-0.23661	0.82203	-0.86139	0.33855	-0.03323	0.16905	-0.8785	0.11589	-0.63572	-2.2455
-0.25357	0.28143	0.52686	0.25605	-0.39583	0.75878	0.5056	-0.7774	0.99704	2.3204
0.59545	-0.82778	0.18995	-0.81328	0.79858	-0.58763	0.0097347	-0.5553	-0.35751	-2.762
-0.27927	0.04668	0.12861	0.33784	0.32753	0.9308	-0.63865	0.071152	-0.75869	-3.7509
0.11203	-0.74401	0.3683	-0.78323	0.43339	0.038066	-0.95771	0.19878	0.55429	1.4119
-0.18394	-0.90389	0.25203	0.26644	-0.58865	0.31244	0.94487	0.77291	0.92451	10.365
0.93617	-0.55586	0.48268	-0.65645	0.64909	-0.60487	-0.87009	-0.69884	-0.21521	-8.1529
0.39562	-0.57045	0.45145	-0.38322	0.37117	-0.81613	0.37077	0.99058	0.35122	2.3133
0.50975	0.14291	-0.32719	-0.32007	0.45696	-0.099337	0.83049	-0.55024	-0.40628	-4.2154
-0.7134	-0.13615	-0.48617	0.69733	0.49235	-0.40152	0.46574	0.91314	-0.5415	4.8985
0.65957	-0.56177	-0.53419	-0.55811	0.063689	0.081561	0.67857	-0.66643	0.68135	2.3046
-0.37116	-0.02905	0.86482	0.63014	-0.91786	0.24225	0.60187	0.32866	-0.22031	0.07768
0.081536	-0.43516	-0.10737	0.14087	-0.071575	-0.41147	-0.7878	-0.33001	0.24476	-0.52146
-0.86985	-0.039895	0.51721	0.17546	0.38413	-0.33983	0.42995	0.026476	0.63007	5.2038
-0.46447	0.36833	-0.17721	0.33064	0.59638	-0.9999	0.95362	-0.078121	0.91404	5.0826
-0.28846	-0.60394	0.41652	-0.66486	-0.077519	-0.82677	-0.81777	0.32203	-0.008663	0.3478
-0.89255	-0.68142	0.33439	-0.087317	-0.83664	0.9106	0.65938	-0.74655	0.68753	5.32
-0.11285	0.75008	0.83058	-0.28027	0.36189	-0.62678	-0.44039	0.087389	0.088447	-5.9539
0.124	0.29497	0.47557	-0.765	0.64321	0.39367	-0.90178	-0.73517	0.2038	-3.7204
0.9404	0.15496	-0.36265	-0.46876	0.88753	0.34476	0.088442	-0.16303	-0.11275	-2.5622
-0.81946	0.14937	0.77627	0.49369	-0.77583	-0.23076	0.58979	0.25852	0.36386	4.5964
-0.96551	-0.24372	-0.41982	0.21824	0.86468	0.53912	0.081863	0.021613	0.34566	5.6747
-0.53765	0.52788	0.83763	-0.3307	0.45994	-0.48362	-0.58065	0.86956	0.8378	1.4475
-0.87171	-0.88923	0.97415	-0.29937	-0.3907	-0.57865	-0.40015	0.22501	0.226	6.9597
0.0082109	-0.23534	-0.07188	-0.049597	0.075868	0.57601	0.19076	0.99062	-0.53447	2.1333
-0.53243	0.15447	0.70314	-0.27096	0.3773	0.71739	0.35466	0.9207	-0.71319	5.0454
0.96999	0.38566	-0.33115	0.4584	-0.2376	-0.40025	0.19354	0.25683	-0.65369	-6.1762
0.21127	0.13685	-0.83345	-0.017665	0.4928	0.64909	-0.36985	-0.51016	0.50599	2.8953
-0.042691	-0.1773	0.99334	-0.88382	0.88647	0.0017412	0.76048	-0.13564	-0.84909	-2.9496
0.59926	-0.42331	-0.45751	0.96684	0.74534	-0.33114	0.93637	-0.1635	-0.85205	-3.3347
-0.26213	0.43853	0.22675	-0.85484	0.99248	-0.70688	0.84101	0.81533	-0.49006	1.6272
0.30326	0.57844	0.84496	-0.21127	-0.54068	-0.47445	-0.29555	-0.74629	-0.69174	-10.768
-0.85487	0.75738	-0.47875	0.48191	-0.70476	0.29952	-0.74923	0.96904	-0.61911	2.0097
-0.74996	0.3373	-0.29845	0.38967	-0.22415	-0.84238	-0.51781	-0.55157	0.2941	-0.39514
-0.6448	-0.37029	0.53808	-0.97636	-0.84769	0.62203	-0.035256	0.44662	0.57647	7.4688
-0.40041	-0.26371	0.042361	0.088992	0.02597	0.1709	0.83586	0.71428	-0.98352	3.0122
0.64513	-0.096347	-0.29134	-0.20149	-0.85045	0.49837	-0.44478	-0.41841	0.9673	0.44542
0.3755	0.82997	-0.28676	-0.38176	0.81644	0.30118	0.2677	0.92007	-0.98429	-5.5002
0.89399	0.37455	0.54151	-0.028758	0.0065243	0.94313	0.18137	-0.22041	0.62304	-3.694
0.46272	0.57989	-0.78903	0.99706	-0.71203	0.95552	-0.13003	0.22352	-0.7825	-4.6464
-0.91899	0.33247	-0.84038	0.91111	0.13759	0.40237	0.66392	0.55873	0.8399	9.0306
0.8901	-0.88597	0.91655	0.63199	-0.80651	-0.75679	-0.76473	-0.38002	-0.94157	-10.098
0.88811	-0.87088	0.81672	0.93364	0.58207	0.63046	-0.066669	0.94381	0.21462	-0.7848
-0.81953	-0.58783	-0.25886	-0.32113	-0.36834	0.46619	-0.34537	0.62687	0.44316	10.494
-0.72605	0.035846	-0.80477	0.76601	-0.42396	0.86374	-0.60386	0.90187	-0.84385	3.0143
-0.26856	-0.82283	-0.26459	-0.25361	-0.24406	-0.8049	0.61746	-0.15544	0.44877	6.8905
-0.73214	0.17674	0.38076	-0.63054	-0.28352	0.52689	0.68159	-0.25979	0.83295	5.7629
0.0043584	0.30356	0.83222	-0.49309	0.30547	-0.23548	0.49399	0.30694	0.39564	0.8016
0.4323	-0.27907	0.12336	0.16144	-0.19972	-0.018004	0.58109	0.76337	0.77428	5.951
0.24931	0.33336	0.18133	-0.061905	0.0078433	0.12341	0.86251	0.63077	0.20466	2.5664
-0.78347	-0.14472	-0.30094	0.46203	0.85656	-0.77153	0.60024	0.1966	0.95375	8.0548
-0.26717	0.69022	-0.36201	0.64763	-0.14506	-0.81845	0.45237	0.0023586	0.61709	2.4811
-0.80294	-0.9694	-0.96888	0.58482	-0.16321	0.095376	0.25658	-0.16562	0.93548	11.871
0.62797	0.5002	-0.16878	-0.29016	0.0019035	-0.80999	-0.94406	-0.020355	-0.11844	-6.3407
0.9982	0.63996	0.85919	-0.70884	0.74578	-0.70479	-0.22171	0.84316	0.40005	-5.4517
0.27725	-0.77648	-0.33229	-0.69208	0.86246	0.79118	-0.67529	0.062002	0.21836	3.3715
-0.38986	0.92022	-0.39495	-0.27725	-0.086015	-0.47724	-0.41042	0.57393	-0.21354	0.52569
0.70822	-0.1616	-0.72604	-0.012152	0.29742	0.70381	0.33928	-0.81281	-0.73401	-4.1151
0.87335	0.072877	0.23537	-0.0094378	0.54181	-0.92412	0.76058	-0.79862	0.29853	-5.4817
-0.86782	-0.066018	0.091341	-0.14254	-0.30112	0.065851	-0.86063	-0.45793	0.11576	1.6514
0.4593	-0.43996	0.84814	-0.82635	0.26762	0.45194	-0.73272	0.89485	-0.40815	0.34842
0.60698	0.48968	-0.57699	0.53433	-0.66342	-0.98699	0.10986	0.95107	-0.90174	-5.4487
-0.84253	-0.90744	0.66405	0.012792	-0.45559	0.56486	0.79662	0.44385	0.4156	8.8033
-0.063887	0.0348	-0.23209	0.85858	-0.56109	-0.17165	-0.97787	0.33368	-0.74602	-4.543
0.37543	-0.67076	0.54287	0.10564	-0.17144	-0.62043	-0.012307	0.73005	0.79751	3.5953
-0.83141	0.64211	-0.5671	-0.55173	-0.43347	0.33777	-0.088776	-0.13372	-0.88889	-1.4459
0.88841	0.53289	0.76724	0.37428	-0.096717	0.87445	0.70664	-0.4791	-0.47196	-8.5414
-0.75673	-0.69307	-0.10585	-0.43665	0.49514	-0.401	0.29174	-0.14649	-0.84422	2.2848
0.40905	0.69962	0.78846	0.72696	-0.544	0.82215	-0.3849	0.70666	0.86352	-0.60496
0.61592	-0.41639	-0.28145	-0.44421	-0.86792	-0.26061	-0.8846	0.60068	-0.98534	-3.8007
0.041999	0.44604	0.38877	0.28421	-0.86061	0.065254	-0.75201	0.78428	-0.74572	-4.8456
0.11945	0.0075233	0.17725	0.039738	-0.51905	0.23001	0.88315	-0.72438	0.99829	5.3269
0.84305	0.48439	0.6369	0.43154	0.62184	-0.14484	0.74133	0.54835	-0.35417	-5.0203
0.92708	-0.60257	-0.67037	-0.021525	0.86265	-0.74145	-0.15749	-0.38798	-0.95718	-5.7435
-0.88817	0.62183	-0.66682	-0.54813	-0.3082	0.30605	-0.92538	-0.59888	-0.63402	-3.5285
-0.41218	0.69645	0.12867	-0.17624	-0.14758	0.53962	0.55621	-0.15939	-0.55156	-2.3654
0.96886	-0.68824	0.14526	-0.44282	-0.016723	0.04838	-0.35724	-0.90029	0.91154	-0.663
-0.41987	0.39043	0.74906	-0.32327	0.74389	0.2358	0.26144	-0.43163	-0.73613	-3.4222
-0.84521	0.24722	0.19591	0.38417	0.35635	-0.36259	0.41687	-0.82075	-0.30052	-1.1306
-0.28132	-0.9991	0.0033103	0.45008	-0.0071736	0.18701	0.77881	-0.91704	0.84134	7.5048
-0.3413	-0.0091053	-0.39242	0.18109	0.72619	0.74562	-0.13521	-0.38579	-0.2086	0.71128
0.25884	-0.17147	-0.27443	-0.86897	-0.036208	0.83473	0.92668	0.6609	0.7558	8.3197
-0.17279	-0.8904	0.65422	-0.52392	-0.90059	-0.41179	0.093254	-0.97822	0.19999	0.76541
0.15677	0.13705	0.044758	-0.71997	0.18038	0.1773	0.37215	0.70534	0.047593	2.2935
-0.044973	0.73376	0.12516	0.60726	-0.0038286	-0.17208	0.020639	-0.31816	-0.81512	-8.0929
0.40609	0.91025	0.49246	0.60864	0.87662	0.13684	-0.87869	-0.28029	0.91264	-4.3762
0.8454	0.048248	0.31647	0.34276	-0.98933	0.52486	-0.35753	-0.21037	0.075381	-4.5071
-0.38955	0.56245	0.98127	-0.16365	0.9261	0.19282	-0.3201	0.34097	0.62207	0.51473
0.072809	-0.9241	0.37611	-0.27976	0.6562	-0.18039	0.13917	-0.72288	0.084188	-0.014896
0.34971	-0.72443	0.19007	-0.77275	0.50988	0.82514	-0.55645	-0.21605	0.39933	1.9924
0.63007	-0.94263	0.51434	-0.82186	0.50355	-0.67365	0.031786	-0.36429	0.97255	4.0051
0.42261	0.626	0.14635	-0.62221	-0.64007	-0.70162	0.79085	0.65156	-0.81974	-2.3013
0.54968	-0.34977	0.59621	0.8369	-0.38377	0.21141	-0.55958	-0.7845	0.89876	-2.6026
0.71856	0.81995	0.84659	0.55025	0.87327	0.64135	-0.10662	0.87732	-0.90268	-9.3151
-0.44843	0.84931	0.54248	0.69774	-0.4488	-0.23472	-0.026134	-0.17509	0.89929	0.37465
-0.6357	0.88405	-0.46112	0.99294	0.71424	-0.021318	0.61943	0.55697	-0.61378	-0.30673
-0.30141	-0.093206	0.89513	0.49705	-0.019152	-0.47863	0.9929	-0.13122	-0.59673	-1.7727
0.85061	-0.61413	0.7268	-0.89643	-0.73519	-0.57696	-0.16664	-0.62184	-0.32363	-5.3251
-0.23968	-0.72351	0.17848	-0.95904	0.21765	0.16719	-0.892	-0.84135	-0.95364	-4.201
0.020548	-0.038848	-0.69714	0.61874	0.44732	0.61815	0.78576	0.81993	-0.27117	4.2922
-0.17148	-0.87017	0.49233	0.37091	0.1614	-0.13383	0.81146	-0.27541	-0.023076	1.4163
-0.42433	0.73308	0.17217	0.84704	0.33018	0.0023412	-0.75104	0.75708	-0.64687	-2.6946
0.44884	-0.67395	0.51231	0.68277	0.73132	0.35049	-0.57803	0.049348	0.66186	1.1349
0.46464	-0.19769	-0.87382	0.15914	-0.0047307	0.52027	0.078275	-0.15785	-0.95012	-3.5593
-0.061205	0.4147	-0.1731	0.53646	-0.41959	0.034703	0.015922	0.778	0.33467	1.2511
-0.27822	-0.18684	0.77988	0.71642	0.99622	0.28469	0.10119	-0.23738	0.45549	1.9168
0.68065	0.51177	0.75227	-0.21094	-0.010631	-0.7752	-0.96248	-0.26737	-0.88493	-13.492
-0.67665	0.71785	0.87977	-0.76034	0.66442	-0.58096	0.51236	-0.56287	0.21431	-1.8545
-0.25438	0.6771	-0.32893	-0.11146	0.4765	-0.032131	-0.11851	0.77236	-0.98233	-1.3007
0.23548	0.35252	-0.81296	-0.56084	0.013372	0.25718	-0.29974	-0.20437	0.30215	1.036
-0.61335	0.041308	-0.0074516	-0.7602	0.93791	0.73573	0.76774	-0.71567	-0.11714	2.7254
-0.082508	0.90451	-0.81165	-0.86485	-0.8882	-0.65616	0.91973	0.63189	0.22096	3.5534
0.48924	0.48852	0.73943	-0.0025816	-0.78727	0.40214	0.16021	-0.081371	-0.69408	-7.2521
0.60484	0.44481	-0.78591	-0.24072	0.48574	0.10143	0.023979	-0.48172	-0.7083	-5.4523
0.37626	-0.7487	0.27967	-0.66866	-0.81513	0.86706	-0.37027	0.40723	0.95173	5.9877
-0.29694	0.17607	-0.32676	0.60446	0.26429	0.18008	-0.35147	-0.12077	0.45961	2.6726
0.068996	-0.56663	-0.36852	-0.99783	-0.038073	0.88004	-0.85572	-0.94823	-0.95879	-4.7919
-0.39818	-0.93103	0.70714	0.022803	-0.032584	0.75526	-0.13103	-0.35664	-0.35558	0.41539
0.95495	0.99762	0.13811	-0.43449	-0.15487	-0.25711	0.18752	-0.1418	-0.26035	-11.036
-0.11469	-0.24473	-0.038689	-0.3885	0.16512	-0.11018	-0.30899	-0.45508	-0.59395	-2.1096
-0.43244	0.91961	0.2726	0.30279	0.49937	-0.54983	-0.0059776	-0.67976	-0.016669	-2.8874
0.35289	-0.15296	-0.48984	-0.086144	-0.78847	-0.013901	-0.17912	0.58286	-0.69823	-2.0975
-0.057509	-0.67048	-0.79156	0.24677	-0.054203	0.65113	-0.44377	0.095403	0.68887	7.1411
0.50441	-0.47676	-0.27924	-0.22352	-0.78188	-0.67283	0.68703	-0.3791	0.059679	0.77617
-0.41993	-0.37434	0.036817	-0.44346	-0.73301	0.82308	-0.89831	0.79064	0.1943	5.6095
0.51854	-0.61082	-0.69396	-0.70663	-0.3235	0.7086	0.4655	-0.26749	-0.37284	-0.59379
0.4031	-0.76645	-0.75046	0.033776	-0.8183	-0.83164	0.9009	-0.34196	-0.31472	1.7678
0.17802	0.89212	0.72633	0.037671	0.82479	0.87946	-0.35164	0.22951	-0.081844	-2.9176
-0.41915	-0.11979	-0.46566	0.10083	0.3212	0.9148	0.73137	-0.6079	-0.86766	-0.34759
-0.82518	0.99393	-0.34039	-0.063037	0.16802	0.89286	-0.36406	-0.34561	-0.41043	-2.605
-0.5523	-0.17053	-0.43571	0.28241	-0.69113	-0.3508	-0.51507	-0.6453	0.37855	3.0892
0.73717	0.025376	0.42206	-0.23385	0.17776	-0.5998	-0.52711	-0.083337	-0.70769	-7.1426
-0.59588	-0.69627	-0.9508	-0.58885	0.25862	-0.31129	-0.28868	0.60194	0.9572	12.154
-0.93191	-0.092392	-0.98918	-0.92387	-0.4381	0.56272	-0.63135	-0.12915	0.98039	9.0284
0.66438	0.92556	-0.83575	0.79792	-0.68834	0.73072	0.12861	-0.83394	-0.70725	-8.6008
-0.76098	-0.95045	-0.41718	-0.89824	0.046813	0.91723	0.68668	0.16354	-0.15607	9.9766
0.50532	-0.99771	0.71966	-0.41595	-0.48138	-0.52357	-0.10299	0.108	0.38269	-0.25663
0.45248	0.063244	-0.82174	-0.87515	-0.84077	0.6415	0.031689	-0.92846	0.20456	-1.7859
-0.11971	0.57527	0.82011	-0.81081	-0.90884	0.51492	0.44119	-0.6705	0.81132	-2.8147
-0.2672	-0.5136	-0.71118	0.91659	-0.85093	-0.30456	0.43772	0.84167	-0.67147	3.3606
-0.59215	0.83341	0.34943	0.060216	-0.039853	-0.039281	-0.88869	-0.23473	-0.30833	-3.8575
0.66362	0.15708	-0.57441	0.7107	0.077369	0.92896	-0.19735	0.03721	-0.050132	-1.9412
0.11575	0.68132	-0.35186	0.23462	0.72464	-0.8349	0.78237	-0.36394	-0.30252	-4.5412
0.84241	-0.99124	0.0085663	0.53116	-0.41497	0.34299	0.10206	0.066029	0.15411	-0.41661
0.5107	0.30118	-0.99217	-0.81732	-0.99176	-0.20851	-0.20089	0.36383	0.1217	2.133
0.61735	-0.48079	-0.90927	-0.1854	0.088247	-0.21462	0.9718	-0.3375	0.92281	6.4183
0.23344	0.45878	0.76574	0.9519	0.23739	0.97532	0.55689	-0.58929	-0.03149	-3.25
0.35668	-0.32162	-0.86067	-0.942	-0.25491	0.036892	0.90232	0.32748	-0.050555	4.1104
0.97374	-0.70212	0.18922	-0.74402	-0.066308	0.31516	0.21207	0.88967	0.11777	2.8021
-0.97092	-0.27846	-0.31867	-0.93663	0.63571	-0.75522	-0.51553	-0.73061	0.39878	4.7655
-0.53879	-0.97449	0.82812	-0.55039	-0.83359	0.25324	0.14334	-0.38607	0.80015	7.0901
-0.33803	-0.98217	0.32784	-0.72699	-0.86543	-0.78565	0.43168	0.48754	-0.43551	2.7849
-0.50522	-0.22288	-0.45314	0.52164	0.63091	-0.92566	0.11037	0.19508	0.40594	4.4411
-0.067254	0.77395	-0.21279	-0.90574	-0.49783	0.10739	-0.22193	-0.8954	0.24535	0.62686
-0.65687	0.88539	-0.68614	-0.57954	-0.53629	-0.66714	0.41066	0.22579	-0.42655	1.4138
0.89379	-0.33814	0.49749	0.94982	-0.2606	0.57786	0.55763	-0.50605	0.81709	-1.3384
-0.27543	-0.23204	-0.92777	-0.46229	-0.97609	-0.72826	-0.35094	-0.28912	0.56985	6.4267
-0.82846	-0.024838	0.95955	-0.228	-0.22739	0.56463	0.90023	-0.95412	0.87302	3.9131
0.93509	0.23103	0.011132	-0.87887	0.61829	-0.16201	-0.9517	0.16868	0.7835	-2.8494
-0.4847	-0.77308	0.33053	-0.58821	0.55581	-0.36836	-0.33939	-0.82469	-0.32816	-0.80534
-0.9019	-0.385	0.08087	0.68767	-0.21931	-0.21611	-0.40161	0.34024	0.2382	5.4658
-0.80627	0.59035	-0.12172	0.23442	0.65785	0.80059	0.42816	0.14054	-0.068939	1.7516
-0.11688	-0.053174	-0.20282	0.46652	-0.038626	0.3278	-0.1761	0.83963	-0.75732	-1.1811
0.22748	-0.48988	-0.54498	-0.71895	-0.52517	0.6211	0.82602	-0.45622	0.87236	6.8145
-0.68726	0.11075	-0.35069	0.9718	0.54467	0.73129	0.27489	0.62019	0.057337	6.0984
-0.091334	0.92652	0.28758	0.34352	-0.15855	0.80287	-0.11498	-0.73227	0.82424	-3.0796
0.10614	-0.67463	0.45061	0.78432	-0.94476	0.88299	-0.090807	-0.78632	-0.52325	-2.9836
0.71283	0.13891	-0.94765	-0.51102	-0.27111	0.30145	0.7521	0.60009	-0.35395	2.097
-0.52268	0.40092	-0.29409	0.23257	-0.13396	-0.23292	-0.24254	-0.38269	0.28418	-1.3198
-0.27699	0.38291	-0.25724	-0.15019	-0.017349	0.87665	0.41366	-0.83688	-0.21993	-1.7072
-0.098574	0.7385	-0.76345	-0.22768	-0.42683	-0.55662	-0.68809	0.95125	-0.89447	-4.383
0.77861	-0.93653	-0.65465	0.79789	-0.052178	0.52655	0.83792	-0.53209	0.57782	3.3228
-0.43805	-0.87909	-0.12102	0.68893	-0.10282	0.80083	-0.70553	-0.63545	0.33557	2.7147
-0.35976	0.051514	-0.57091	0.090521	0.91313	-0.021788	-0.34172	0.68226	0.23434	5.116
0.43468	-0.27199	-0.27863	0.59811	0.17873	-0.28159	-0.32224	-0.5079	-0.83714	-6.732
0.14495	0.069275	0.37306	-0.80829	-0.017445	-0.55725	0.83475	-0.81701	-0.46632	-4.1635
0.61107	0.40254	0.54214	-0.31304	-0.55516	-0.54595	-0.51532	0.97757	0.20299	-1.5671
0.13661	-0.32341	-0.32071	0.080847	0.29446	-0.49912	0.53784	-0.086293	0.90819	5.2236
0.71653	0.95316	-0.96379	-0.11087	-0.31823	0.034397	-0.75357	0.12426	-0.53013	-6.3519
-0.059734	0.2993	-0.6798	-0.80314	0.3698	-0.64287	0.3007	-0.29567	-0.64441	-1.8102
0.56413	0.89164	-0.42226	0.22455	0.80006	0.30362	-0.26308	-0.8937	-0.20248	-6.7659
0.98874	0.27943	-0.16147	0.28867	-0.35933	-0.69571	0.92459	-0.97411	-0.14917	-7.6732
0.096144	-0.88414	-0.38147	0.1607	-0.39845	-0.16332	-0.24197	0.85958	0.2029	6.5056
-0.088576	-0.14918	-0.087876	-0.13127	-0.81165	0.53353	0.17571	-0.11508	-0.81691	-0.93846
0.72249	-0.05439	-0.33216	0.35601	-0.59288	-0.46986	-0.14977	0.4033	0.90467	0.53336
0.47287	0.91174	-0.71331	-0.61839	0.94031	-0.50429	-0.94104	0.88456	-0.62488	-5.2804
-0.26953	0.14278	-0.44815	0.81265	0.28675	0.54057	-0.46536	-0.96696	0.94561	1.8168
0.87812	-0.92652	0.041962	0.97363	-0.1808	0.031277	-0.30025	-0.47982	-0.27855	-4.2501
0.35924	0.60698	0.60834	0.88742	-0.54721	0.89349	0.6609	-0.045996	0.95449	0.41026
-0.87544	-0.32603	0.9771	-0.35927	0.23905	-0.039753	-0.24625	0.13621	-0.71831	0.28018
0.83818	-0.37882	0.35829	-0.84375	0.71617	-0.33067	0.86166	0.51792	-0.49428	-1.7547
-0.63133	0.041903	-0.60564	-0.97391	0.79612	0.48922	0.069128	-0.49717	-0.63306	2.8838
-0.062386	0.1633	-0.72373	0.43064	0.2035	0.22772	0.43517	-0.19271	-0.17695	-0.076469
-0.27469	0.28198	0.14442	0.80008	0.32718	0.24018	-0.17325	-0.84535	-0.023055	-1.6134
-0.038952	0.10532	-0.79306	0.26124	-0.10959	0.22178	-0.020824	-0.59613	0.58726	3.1408
-0.95358	-0.9524	0.65963	-0.45822	-0.70937	0.39902	0.11973	0.77897	0.15031	9.4656
-0.6641	-0.12565	0.63715	-0.61875	0.15874	0.22817	0.064047	0.31593	-0.048585	4.2944
0.5571	-0.55828	0.55342	0.96545	0.98286	0.48617	0.00090805	0.26954	0.07612	-2.1165
0.04275	0.3862	0.53247	-0.17943	-0.27431	0.31841	-0.90886	-0.96855	-0.91965	-10.859
0.40386	0.2935	0.50891	0.24233	0.048102	0.92497	0.68404	-0.63082	-0.076905	-4.9135
0.3826	-0.16138	-0.49441	0.85098	-0.29705	0.011397	0.61129	-0.9502	0.43491	-0.13499
0.57479	0.77754	0.62377	0.26392	-0.9729	-0.67826	-0.89475	0.58925	0.19475	-5.5115
-0.29292	0.14949	-0.14739	-0.69274	-0.13443	-0.16935	0.78482	-0.39721	0.94209	5.1479
-0.58022	-0.50111	0.7385	-0.53648	-0.50435	-0.17778	0.50268	-0.027043	0.32512	4.5554
0.33469	-0.12255	-0.71077	0.87729	0.32116	-0.73556	0.83343	-0.013721	-0.69672	-1.7624
0.30731	-0.19853	0.90276	-0.015031	-0.20219	-0.39259	-0.91461	-0.87948	-0.74061	-11.3
0.88648	-0.011546	-0.69419	-0.029181	0.82659	0.34961	0.023973	0.42814	0.82045	2.6156
0.21379	-0.18388	-0.92016	0.068241	-0.17545	-0.79931	0.19103	-0.99913	0.83964	0.78886
0.086819	0.72259	-0.2257	0.79618	-0.16131	0.81636	-0.92757	0.43578	-0.72261	-5.7054
0.19976	0.81762	-0.42206	-0.033829	-0.7059	0.75801	-0.81341	-0.078476	-0.90135	-7.2336
-0.41798	0.35229	-0.32021	-0.85397	-0.0010608	-0.77114	0.94272	0.40642	-0.48537	1.7295
-0.052358	-0.23305	0.3174	0.53003	-0.22863	0.37478	-0.36929	0.57761	0.8824	4.0889
0.22049	0.74339	-0.25633	-0.033961	-0.39568	-0.094215	0.15591	-0.98267	-0.20444	-6.7067
0.51909	-0.64416	0.49945	-0.66255	0.55519	0.68747	-0.676	-0.49891	-0.23208	-3.8851
-0.29894	-0.78899	0.47708	-0.41249	-0.75068	-0.61415	0.43831	-0.81359	0.52619	2.5815
0.87681	-0.70924	-0.335	-0.45082	0.077294	0.33816	-0.95198	0.56922	-0.68137	-3.2185
-0.71511	-0.34346	0.53563	-0.41544	0.70355	0.074978	-0.31473	-0.96796	0.69676	1.8517
-0.29672	0.63232	-0.46266	0.88246	-0.25871	-0.020637	-0.030789	0.66933	-0.33007	-1.7281
0.10677	0.32093	-0.6126	-0.1825	-0.29525	-0.39416	0.96703	-0.86166	0.26675	0.092552
0.89873	-0.52578	-0.92083	-0.16508	0.93037	0.89304	0.063629	-0.61985	-0.93754	-3.8139
0.35846	0.40961	-0.21369	-0.068253	-0.37887	-0.84929	0.27608	-0.84571	0.25996	-5.1894
-0.56065	0.53245	0.48422	-0.37432	-0.55204	-0.32372	-0.29644	0.50163	0.55652	3.1352
0.31032	0.074886	0.45811	0.72274	0.87799	0.034427	0.9663	-0.70807	-0.11978	-3.6395
0.36068	-0.68611	-0.028861	0.11222	0.32477	0.998	-0.73945	-0.2197	-0.78269	-4.3038
-0.86171	-0.5256	-0.73836	0.10596	-0.18832	-0.67756	-0.45167	-0.081788	-0.83313	-0.462
-0.78272	-0.61401	0.37445	-0.83957	-0.19037	-0.65747	0.45957	-0.60196	0.24964	5.2776
0.0078661	0.55795	-0.47041	-0.2942	-0.020852	-0.68262	-0.082994	-0.35266	-0.37177	-4.7547
0.20832	0.94053	-0.26908	-0.33232	-0.33593	-0.44541	0.69409	0.91658	0.69892	2.5192
-0.85487	-0.28275	0.93438	0.6818	0.92109	0.46147	0.97449	-0.68405	-0.83882	-0.83576
0.24467	0.74748	-0.99324	-0.39279	0.75383	0.32978	0.74743	0.43194	0.51923	4.2915
-0.42251	-0.68381	-0.1572	-0.33309	0.0083411	-0.67951	-0.19172	-0.53012	0.38715	2.194
-0.92226	0.63014	0.53015	0.59758	-0.78559	-0.9428	-0.3817	0.62236	0.40773	2.1785
-0.13039	-0.42297	-0.33525	0.20102	0.13673	0.85492	0.17794	0.5685	-0.6758	0.56851
-0.66892	-0.89642	-0.98083	-0.80311	-0.23776	0.48895	0.60315	0.48571	-0.34462	10.646
-0.57737	-0.62324	0.76705	0.49088	0.20059	0.20591	0.21732	0.48512	0.50421	6.5242
0.34986	0.35115	0.7949	-0.30769	-0.89716	-0.28074	0.73047	-0.82728	-0.76868	-8.2611
0.31723	0.34782	-0.83866	-0.45938	0.39527	0.24645	0.89449	-0.39137	0.735	2.8119
0.079856	0.16423	0.4956	-0.52292	0.55043	-0.19228	-0.3524	-0.08426	0.10514	-1.8202
-0.017659	-0.7348	-0.96351	0.69287	0.63552	0.29715	0.93383	0.088555	0.74301	9.7295
-0.96064	0.38156	-0.83836	0.13128	0.77604	0.12196	0.039995	-0.1501	0.95022	6.8451
0.76372	-0.96213	-0.44561	-0.53326	0.3621	-0.60926	0.46593	-0.5505	0.23726	1.8468
-0.35715	-0.77647	0.35457	-0.45445	0.80378	-0.83497	0.29294	-0.28724	-0.44923	-0.092006
0.29774	0.901	-0.36004	0.78212	0.72727	0.4554	0.37187	-0.82431	-0.97551	-8.7018
0.61986	-0.48888	-0.91707	0.025183	0.29845	0.042892	-0.25838	-0.15922	0.91076	4.2285
0.84299	0.90673	0.33688	0.61356	-0.19517	0.033444	0.41801	-0.891	0.39004	-8.3908
0.60344	0.014943	0.14612	0.8076	0.06779	-0.9488	0.1005	0.9968	-0.69721	-4.0777
-0.24366	-0.12328	-0.64335	0.40005	-0.92938	-0.070636	-0.093762	-0.62041	0.26898	1.125
0.61771	-0.50695	0.056965	-0.016407	-0.75665	-0.0035012	0.40947	-0.46202	-0.59129	-3.8108
-0.92164	0.73503	0.89913	-0.17749	0.13435	-0.50446	0.44476	-0.78205	0.87211	0.59321
-0.59038	-0.22131	0.90275	-0.013971	0.97967	0.67725	-0.62408	0.90093	-0.54512	2.369
0.36284	-0.81846	-0.80981	0.13374	-0.28238	0.86418	0.78131	0.31492	-0.6978	2.1616
0.24098	-0.33723	0.54242	0.64689	0.84122	0.97338	-0.52306	0.75379	0.97292	4.05
0.72496	0.55258	-0.14674	0.026566	-0.066384	0.31641	-0.68282	0.82445	0.9243	1.0933
-0.086117	0.65566	-0.22682	-0.59041	-0.096799	-0.51014	-0.92354	-0.94219	0.72089	-3.5555
0.8043	-0.88805	0.83838	-0.023946	0.91569	-0.019538	0.2232	-0.085462	-0.13552	-1.7495
-0.73318	-0.3885	0.06132	-0.92864	0.25499	0.27019	-0.14709	-0.15007	-0.041299	5.7084
-0.59135	0.643	-0.56288	-0.93829	0.70963	-0.88583	0.77552	-0.024938	0.62965	6.2934
0.77495	0.04051	-0.42856	0.18028	-0.33124	-0.82733	0.11581	0.81624	-0.15947	-1.2469
-0.34527	0.47189	-0.44015	-0.58497	0.091946	-0.61537	-0.27306	0.80539	-0.9876	-0.20052
-0.6034	-0.17104	-0.8006	0.21532	0.2478	-0.52017	-0.25355	0.25849	-0.83071	1.6101
-0.46144	-0.53314	-0.24673	-0.79695	0.6318	0.54128	0.073419	0.73061	-0.09354	7.2112
0.082768	-0.70984	0.46118	-0.52355	-0.14618	-0.99801	-0.87574	0.33458	0.92539	3.5045
-0.85283	-0.44315	-0.17351	0.67385	-0.90893	-0.90047	0.20734	-0.29742	-0.41246	3.1232
0.39448	-0.43728	-0.51904	0.82854	0.58588	0.63199	-0.77853	-0.55164	-0.33407	-5.8882
0.27802	-0.16329	0.11093	-0.77078	0.56759	-0.72952	-0.63241	-0.65796	0.44125	-3.6813
0.33331	-0.93657	-0.87581	-0.64916	0.35828	-0.35992	0.015428	-0.9919	-0.71248	-2.7601
0.20683	-0.14622	-0.78691	0.85507	0.90132	-0.59001	0.0077815	-0.022596	0.51262	1.6503
-0.25965	-0.89309	-0.24905	0.77986	-0.21166	-0.6447	-0.18334	-0.038735	0.65019	5.6101
0.065958	0.87518	0.903	0.96745	-0.74491	-0.63364	0.26515	-0.44528	0.34648	-4.5655
-0.3765	0.88722	-0.82411	0.38722	0.30611	0.91541	0.51702	0.53396	-0.57666	1.7202
-0.62338	0.14303	0.81016	0.46228	0.7824	0.12046	0.28673	0.51082	0.99386	5.0799
0.71873	0.54106	0.0047102	0.86837	-0.67777	0.54736	0.48438	-0.40043	0.74383	-2.6617
-0.09614	-0.4182	-0.49084	0.43524	0.063691	0.69147	-0.26827	-0.032743	0.6132	5.7751
0.11993	-0.81337	-0.40385	-0.047194	-0.070821	-0.044622	-0.20435	-0.20155	-0.0048378	0.82143
0.37756	0.7429	0.21093	0.17867	-0.44503	-0.95121	0.14483	-0.24268	0.057339	-4.7164
